# Electron Anti Neutrino Energy (MeV) - IBD Cross Section Per Cos(ThetaNuEl) At -0.95:0.1:0.95
1 0 0 0 0 0 0 0 0 0 0 0 0 0 0 0 0 0 0 0 0
2 2.7421e-07 2.7265e-07 2.7108e-07 2.6951e-07 2.6794e-07 2.6636e-07 2.6478e-07 2.632e-07 2.6161e-07 2.6002e-07 2.5843e-07 2.5683e-07 2.5524e-07 2.5363e-07 2.5203e-07 2.5042e-07 2.4881e-07 2.472e-07 2.4558e-07 2.4396e-07
3 2.2342e-06 2.2175e-06 2.2007e-06 2.1839e-06 2.1671e-06 2.1502e-06 2.1333e-06 2.1163e-06 2.0994e-06 2.0823e-06 2.0653e-06 2.0482e-06 2.0311e-06 2.0139e-06 1.9967e-06 1.9795e-06 1.9623e-06 1.945e-06 1.9276e-06 1.9103e-06
4 5.7143e-06 5.6738e-06 5.6331e-06 5.5924e-06 5.5515e-06 5.5106e-06 5.4695e-06 5.4283e-06 5.387e-06 5.3456e-06 5.3041e-06 5.2625e-06 5.2208e-06 5.179e-06 5.137e-06 5.095e-06 5.0528e-06 5.0106e-06 4.9682e-06 4.9257e-06
5 1.0661e-05 1.0592e-05 1.0522e-05 1.0452e-05 1.0382e-05 1.0311e-05 1.0241e-05 1.017e-05 1.0099e-05 1.0027e-05 9.9559e-06 9.8841e-06 9.812e-06 9.7398e-06 9.6673e-06 9.5945e-06 9.5216e-06 9.4484e-06 9.3749e-06 9.3013e-06
6 1.7012e-05 1.6911e-05 1.681e-05 1.6709e-05 1.6607e-05 1.6505e-05 1.6403e-05 1.63e-05 1.6197e-05 1.6093e-05 1.5989e-05 1.5885e-05 1.578e-05 1.5675e-05 1.5569e-05 1.5463e-05 1.5357e-05 1.525e-05 1.5143e-05 1.5035e-05
7 2.4702e-05 2.4572e-05 2.4441e-05 2.4309e-05 2.4177e-05 2.4045e-05 2.3911e-05 2.3778e-05 2.3643e-05 2.3508e-05 2.3373e-05 2.3237e-05 2.31e-05 2.2963e-05 2.2825e-05 2.2686e-05 2.2547e-05 2.2407e-05 2.2267e-05 2.2126e-05
8 3.3672e-05 3.3515e-05 3.3359e-05 3.3201e-05 3.3043e-05 3.2883e-05 3.2724e-05 3.2563e-05 3.2401e-05 3.2239e-05 3.2076e-05 3.1912e-05 3.1747e-05 3.1582e-05 3.1415e-05 3.1248e-05 3.108e-05 3.0911e-05 3.0742e-05 3.0571e-05
9 4.3861e-05 4.3686e-05 4.351e-05 4.3333e-05 4.3155e-05 4.2976e-05 4.2796e-05 4.2616e-05 4.2434e-05 4.2251e-05 4.2067e-05 4.1883e-05 4.1697e-05 4.151e-05 4.1323e-05 4.1134e-05 4.0944e-05 4.0754e-05 4.0562e-05 4.0369e-05
10 5.5211e-05 5.5027e-05 5.4841e-05 5.4654e-05 5.4467e-05 5.4278e-05 5.4088e-05 5.3897e-05 5.3705e-05 5.3512e-05 5.3318e-05 5.3122e-05 5.2926e-05 5.2728e-05 5.2529e-05 5.2329e-05 5.2128e-05 5.1926e-05 5.1722e-05 5.1518e-05
11 6.7666e-05 6.7484e-05 6.7301e-05 6.7117e-05 6.6932e-05 6.6745e-05 6.6558e-05 6.6369e-05 6.6179e-05 6.5988e-05 6.5796e-05 6.5603e-05 6.5409e-05 6.5213e-05 6.5016e-05 6.4819e-05 6.462e-05 6.4419e-05 6.4218e-05 6.4015e-05
12 8.1171e-05 8.1006e-05 8.084e-05 8.0673e-05 8.0505e-05 8.0335e-05 8.0165e-05 7.9994e-05 7.9822e-05 7.9649e-05 7.9474e-05 7.9299e-05 7.9123e-05 7.8945e-05 7.8767e-05 7.8588e-05 7.8407e-05 7.8226e-05 7.8043e-05 7.786e-05
13 9.5672e-05 9.554e-05 9.5408e-05 9.5275e-05 9.5141e-05 9.5006e-05 9.4871e-05 9.4735e-05 9.4598e-05 9.4461e-05 9.4322e-05 9.4184e-05 9.4044e-05 9.3904e-05 9.3763e-05 9.3622e-05 9.3479e-05 9.3336e-05 9.3193e-05 9.3049e-05
14 0.00011112 0.00011104 0.00011096 0.00011088 0.0001108 0.00011072 0.00011064 0.00011055 0.00011047 0.00011039 0.00011031 0.00011023 0.00011015 0.00011007 0.00010999 0.00010991 0.00010982 0.00010974 0.00010966 0.00010958
15 0.00012745 0.00012745 0.00012744 0.00012743 0.00012743 0.00012743 0.00012742 0.00012742 0.00012742 0.00012741 0.00012741 0.00012741 0.00012742 0.00012742 0.00012742 0.00012743 0.00012743 0.00012744 0.00012745 0.00012745
16 0.00014464 0.00014472 0.00014481 0.0001449 0.000145 0.00014509 0.00014519 0.00014529 0.00014539 0.0001455 0.0001456 0.00014571 0.00014582 0.00014593 0.00014605 0.00014617 0.00014629 0.00014641 0.00014654 0.00014667
17 0.00016261 0.00016282 0.00016303 0.00016324 0.00016346 0.00016368 0.00016391 0.00016414 0.00016437 0.00016461 0.00016485 0.00016509 0.00016534 0.0001656 0.00016585 0.00016612 0.00016639 0.00016666 0.00016694 0.00016722
18 0.00018134 0.00018169 0.00018205 0.00018241 0.00018278 0.00018315 0.00018353 0.00018392 0.00018431 0.00018471 0.00018512 0.00018553 0.00018596 0.00018638 0.00018682 0.00018726 0.00018771 0.00018817 0.00018863 0.00018911
19 0.00020077 0.00020129 0.00020182 0.00020236 0.00020291 0.00020347 0.00020404 0.00020461 0.0002052 0.00020579 0.0002064 0.00020701 0.00020764 0.00020828 0.00020892 0.00020958 0.00021025 0.00021093 0.00021162 0.00021233
20 0.00022086 0.00022158 0.00022232 0.00022306 0.00022382 0.00022459 0.00022538 0.00022618 0.00022699 0.00022781 0.00022865 0.00022951 0.00023037 0.00023126 0.00023215 0.00023307 0.000234 0.00023494 0.0002359 0.00023688
21 0.00024156 0.00024252 0.00024349 0.00024447 0.00024547 0.00024649 0.00024753 0.00024858 0.00024966 0.00025075 0.00025186 0.00025299 0.00025414 0.0002553 0.00025649 0.0002577 0.00025894 0.00026019 0.00026146 0.00026276
22 0.00026284 0.00026406 0.00026529 0.00026655 0.00026783 0.00026913 0.00027045 0.0002718 0.00027317 0.00027457 0.00027599 0.00027743 0.0002789 0.0002804 0.00028193 0.00028348 0.00028506 0.00028667 0.00028831 0.00028998
23 0.00028466 0.00028616 0.0002877 0.00028926 0.00029085 0.00029247 0.00029412 0.00029579 0.0002975 0.00029924 0.00030101 0.00030282 0.00030466 0.00030653 0.00030843 0.00031038 0.00031235 0.00031437 0.00031642 0.00031851
24 0.00030697 0.0003088 0.00031067 0.00031257 0.0003145 0.00031648 0.00031849 0.00032054 0.00032262 0.00032475 0.00032691 0.00032912 0.00033137 0.00033366 0.000336 0.00033838 0.00034081 0.00034328 0.00034581 0.00034838
25 0.00032973 0.00033193 0.00033416 0.00033644 0.00033876 0.00034112 0.00034354 0.000346 0.0003485 0.00035106 0.00035366 0.00035632 0.00035903 0.00036179 0.00036461 0.00036748 0.00037041 0.0003734 0.00037645 0.00037957
26 0.00035292 0.00035551 0.00035814 0.00036083 0.00036358 0.00036638 0.00036923 0.00037214 0.00037511 0.00037814 0.00038124 0.00038439 0.00038761 0.00039089 0.00039425 0.00039767 0.00040116 0.00040472 0.00040836 0.00041207
27 0.00037649 0.00037951 0.00038258 0.00038573 0.00038893 0.0003922 0.00039554 0.00039895 0.00040243 0.00040598 0.00040961 0.00041331 0.00041709 0.00042095 0.00042489 0.00042892 0.00043303 0.00043723 0.00044152 0.0004459
28 0.00040041 0.00040389 0.00040745 0.00041108 0.00041478 0.00041857 0.00042244 0.00042639 0.00043042 0.00043455 0.00043876 0.00044306 0.00044745 0.00045195 0.00045654 0.00046123 0.00046602 0.00047092 0.00047593 0.00048105
29 0.00042465 0.00042863 0.0004327 0.00043686 0.00044111 0.00044545 0.00044989 0.00045443 0.00045907 0.00046381 0.00046866 0.00047361 0.00047868 0.00048386 0.00048916 0.00049458 0.00050012 0.00050578 0.00051158 0.00051751
30 0.00044917 0.00045369 0.00045831 0.00046304 0.00046787 0.00047282 0.00047788 0.00048305 0.00048834 0.00049375 0.00049929 0.00050495 0.00051075 0.00051667 0.00052274 0.00052895 0.00053531 0.00054181 0.00054847 0.00055529
31 0.00047394 0.00047904 0.00048425 0.00048959 0.00049505 0.00050064 0.00050636 0.00051221 0.00051821 0.00052434 0.00053062 0.00053705 0.00054363 0.00055037 0.00055728 0.00056435 0.00057158 0.000579 0.0005866 0.00059438
32 0.00049893 0.00050464 0.00051049 0.00051648 0.00052261 0.00052889 0.00053532 0.0005419 0.00054865 0.00055556 0.00056264 0.00056989 0.00057732 0.00058494 0.00059274 0.00060074 0.00060894 0.00061734 0.00062595 0.00063478
33 0.00052412 0.00053048 0.000537 0.00054368 0.00055052 0.00055753 0.00056472 0.00057209 0.00057964 0.00058738 0.00059532 0.00060345 0.0006118 0.00062035 0.00062912 0.00063812 0.00064735 0.00065681 0.00066652 0.00067649
34 0.00054946 0.00055652 0.00056374 0.00057116 0.00057876 0.00058655 0.00059455 0.00060275 0.00061116 0.00061978 0.00062863 0.00063772 0.00064703 0.0006566 0.00066641 0.00067648 0.00068682 0.00069743 0.00070832 0.0007195
35 0.00057495 0.00058273 0.00059071 0.0005989 0.0006073 0.00061592 0.00062477 0.00063385 0.00064317 0.00065274 0.00066257 0.00067266 0.00068302 0.00069365 0.00070458 0.0007158 0.00072732 0.00073916 0.00075133 0.00076382
36 0.00060054 0.00060909 0.00061786 0.00062686 0.00063611 0.00064561 0.00065536 0.00066538 0.00067567 0.00068624 0.0006971 0.00070826 0.00071973 0.00073151 0.00074362 0.00075607 0.00076887 0.00078202 0.00079554 0.00080945
37 0.00062622 0.00063557 0.00064517 0.00065503 0.00066517 0.00067559 0.0006863 0.0006973 0.00070862 0.00072025 0.00073221 0.0007445 0.00075714 0.00077015 0.00078352 0.00079728 0.00081143 0.00082599 0.00084096 0.00085638
38 0.00065196 0.00066214 0.00067262 0.00068339 0.00069446 0.00070585 0.00071756 0.00072961 0.000742 0.00075475 0.00076787 0.00078136 0.00079525 0.00080955 0.00082426 0.00083941 0.000855 0.00087105 0.00088758 0.0009046
39 0.00067773 0.00068879 0.00070018 0.00071189 0.00072395 0.00073635 0.00074912 0.00076226 0.00077579 0.00078972 0.00080406 0.00081883 0.00083403 0.0008497 0.00086583 0.00088245 0.00089957 0.00091722 0.00093539 0.00095413
40 0.00070351 0.00071549 0.00072783 0.00074053 0.00075361 0.00076708 0.00078096 0.00079525 0.00080997 0.00082514 0.00084077 0.00085687 0.00087347 0.00089058 0.00090821 0.00092639 0.00094514 0.00096446 0.00098439 0.001005
41 0.00072929 0.00074222 0.00075555 0.00076928 0.00078343 0.00079801 0.00081305 0.00082854 0.00084451 0.00086098 0.00087797 0.00089548 0.00091354 0.00093217 0.00095139 0.00097122 0.00099168 0.0010128 0.0010346 0.0010571
42 0.00075503 0.00076895 0.00078331 0.00079812 0.00081338 0.00082913 0.00084537 0.00086212 0.00087941 0.00089724 0.00091564 0.00093463 0.00095423 0.00097447 0.00099536 0.0010169 0.0010392 0.0010622 0.0010859 0.0011105
43 0.00078072 0.00079567 0.0008111 0.00082702 0.00084345 0.0008604 0.0008779 0.00089597 0.00091462 0.00093388 0.00095377 0.00097431 0.00099553 0.0010174 0.0010401 0.0010635 0.0010877 0.0011127 0.0011385 0.0011652
44 0.00080633 0.00082235 0.00083889 0.00085597 0.0008736 0.00089181 0.00091063 0.00093006 0.00095015 0.00097089 0.00099234 0.0010145 0.0010374 0.0010611 0.0010856 0.0011109 0.0011371 0.0011642 0.0011922 0.0012212
45 0.00083186 0.00084898 0.00086666 0.00088494 0.00090383 0.00092335 0.00094352 0.00096438 0.00098595 0.0010083 0.0010313 0.0010552 0.0010799 0.0011054 0.0011318 0.0011591 0.0011874 0.0012167 0.0012471 0.0012784
46 0.00085728 0.00087553 0.00089441 0.00091392 0.0009341 0.00095498 0.00097657 0.00099891 0.001022 0.0010459 0.0010707 0.0010963 0.0011229 0.0011503 0.0011788 0.0012082 0.0012387 0.0012703 0.0013031 0.001337
47 0.00088257 0.000902 0.00092209 0.00094289 0.00096441 0.00098669 0.0010097 0.0010336 0.0010583 0.001084 0.0011105 0.0011379 0.0011664 0.0011959 0.0012264 0.0012581 0.0012909 0.001325 0.0013603 0.0013969
48 0.00090772 0.00092835 0.00094971 0.00097183 0.00099473 0.0010185 0.001043 0.0010685 0.0010949 0.0011222 0.0011506 0.00118 0.0012105 0.001242 0.0012748 0.0013088 0.0013441 0.0013806 0.0014186 0.001458
49 0.00093271 0.00095458 0.00097723 0.0010007 0.001025 0.0010503 0.0010764 0.0011035 0.0011317 0.0011608 0.0011911 0.0012225 0.001255 0.0012888 0.0013239 0.0013603 0.0013981 0.0014373 0.0014781 0.0015204
50 0.00095752 0.00098066 0.0010047 0.0010295 0.0010553 0.0010821 0.0011099 0.0011387 0.0011686 0.0011997 0.0012319 0.0012653 0.0013001 0.0013361 0.0013736 0.0014125 0.001453 0.001495 0.0015387 0.0015841
51 0.00098215 0.0010066 0.001032 0.0010583 0.0010856 0.001114 0.0011434 0.001174 0.0012057 0.0012387 0.001273 0.0013086 0.0013456 0.001384 0.001424 0.0014656 0.0015088 0.0015537 0.0016004 0.001649
52 0.0010066 0.0010324 0.0010591 0.0010869 0.0011158 0.0011458 0.001177 0.0012094 0.001243 0.001278 0.0013144 0.0013522 0.0013916 0.0014325 0.001475 0.0015193 0.0015654 0.0016134 0.0016633 0.0017153
53 0.0010308 0.0010579 0.0010861 0.0011155 0.0011459 0.0011776 0.0012106 0.0012448 0.0012805 0.0013175 0.0013561 0.0013962 0.001438 0.0014815 0.0015267 0.0015738 0.0016229 0.001674 0.0017273 0.0017828
54 0.0010548 0.0010833 0.001113 0.0011439 0.001176 0.0012094 0.0012442 0.0012804 0.001318 0.0013572 0.001398 0.0014406 0.0014848 0.001531 0.001579 0.0016291 0.0016813 0.0017357 0.0017924 0.0018516
55 0.0010785 0.0011085 0.0011397 0.0011721 0.0012059 0.0012411 0.0012778 0.0013159 0.0013557 0.0013971 0.0014402 0.0014852 0.0015321 0.001581 0.0016319 0.0016851 0.0017405 0.0017983 0.0018587 0.0019216
56 0.001102 0.0011334 0.0011661 0.0012002 0.0012358 0.0012728 0.0013113 0.0013515 0.0013934 0.0014371 0.0014827 0.0015302 0.0015797 0.0016314 0.0016854 0.0017417 0.0018005 0.0018619 0.001926 0.001993
57 0.0011252 0.0011581 0.0011924 0.0012282 0.0012655 0.0013043 0.0013449 0.0013872 0.0014313 0.0014773 0.0015253 0.0015755 0.0016278 0.0016824 0.0017395 0.0017991 0.0018614 0.0019264 0.0019945 0.0020655
58 0.0011481 0.0011826 0.0012185 0.001256 0.001295 0.0013358 0.0013784 0.0014228 0.0014692 0.0015176 0.0015682 0.001621 0.0016762 0.0017339 0.0017941 0.0018571 0.001923 0.0019919 0.002064 0.0021394
59 0.0011708 0.0012068 0.0012443 0.0012835 0.0013244 0.0013672 0.0014118 0.0014584 0.0015071 0.001558 0.0016112 0.0016668 0.001725 0.0017858 0.0018493 0.0019159 0.0019855 0.0020584 0.0021346 0.0022145
60 0.0011931 0.0012307 0.0012699 0.0013109 0.0013537 0.0013984 0.0014452 0.001494 0.0015451 0.0015985 0.0016544 0.0017129 0.0017741 0.0018381 0.0019051 0.0019753 0.0020488 0.0021257 0.0022064 0.0022909
61 0.0012152 0.0012544 0.0012953 0.001338 0.0013828 0.0014295 0.0014784 0.0015296 0.0015831 0.0016391 0.0016978 0.0017592 0.0018235 0.0018908 0.0019614 0.0020353 0.0021128 0.002194 0.0022792 0.0023685
62 0.0012369 0.0012777 0.0013204 0.001365 0.0014116 0.0014605 0.0015116 0.0015651 0.0016211 0.0016798 0.0017413 0.0018057 0.0018732 0.001944 0.0020182 0.002096 0.0021776 0.0022632 0.0023531 0.0024474
63 0.0012584 0.0013008 0.0013452 0.0013917 0.0014403 0.0014913 0.0015446 0.0016006 0.0016592 0.0017206 0.001785 0.0018525 0.0019233 0.0019976 0.0020755 0.0021573 0.0022432 0.0023334 0.0024281 0.0025276
64 0.0012795 0.0013236 0.0013697 0.0014181 0.0014688 0.0015219 0.0015776 0.0016359 0.0016971 0.0017614 0.0018287 0.0018994 0.0019736 0.0020515 0.0021333 0.0022192 0.0023095 0.0024044 0.0025041 0.002609
65 0.0013002 0.001346 0.001394 0.0014443 0.001497 0.0015523 0.0016103 0.0016712 0.0017351 0.0018022 0.0018726 0.0019465 0.0020242 0.0021058 0.0021916 0.0022818 0.0023766 0.0024763 0.0025812 0.0026916
66 0.0013207 0.0013682 0.001418 0.0014702 0.001525 0.0015826 0.001643 0.0017064 0.001773 0.001843 0.0019165 0.0019938 0.0020751 0.0021605 0.0022504 0.0023449 0.0024444 0.0025491 0.0026594 0.0027755
67 0.0013408 0.00139 0.0014416 0.0014959 0.0015528 0.0016126 0.0016754 0.0017415 0.0018109 0.0018839 0.0019606 0.0020413 0.0021262 0.0022156 0.0023096 0.0024086 0.0025129 0.0026228 0.0027386 0.0028607
68 0.0013605 0.0014115 0.001465 0.0015212 0.0015803 0.0016424 0.0017078 0.0017764 0.0018487 0.0019247 0.0020047 0.0020889 0.0021776 0.0022709 0.0023693 0.0024729 0.0025822 0.0026974 0.0028189 0.0029471
69 0.0013799 0.0014326 0.001488 0.0015463 0.0016076 0.0016721 0.0017399 0.0018113 0.0018864 0.0019655 0.0020488 0.0021366 0.0022291 0.0023266 0.0024294 0.0025378 0.0026522 0.0027728 0.0029002 0.0030347
70 0.0013989 0.0014534 0.0015107 0.0015711 0.0016346 0.0017014 0.0017718 0.0018459 0.001924 0.0020063 0.0020931 0.0021845 0.0022809 0.0023826 0.00249 0.0026032 0.0027228 0.0028491 0.0029826 0.0031236
71 0.0014175 0.0014738 0.0015331 0.0015956 0.0016613 0.0017306 0.0018035 0.0018805 0.0019616 0.0020471 0.0021373 0.0022325 0.0023329 0.002439 0.0025509 0.0026692 0.0027942 0.0029263 0.003066 0.0032137
72 0.0014358 0.0014939 0.0015552 0.0016197 0.0016877 0.0017595 0.0018351 0.0019148 0.001999 0.0020878 0.0021815 0.0022805 0.0023851 0.0024956 0.0026123 0.0027357 0.0028662 0.0030043 0.0031504 0.0033051
73 0.0014537 0.0015137 0.0015769 0.0016436 0.0017139 0.0017881 0.0018664 0.001949 0.0020363 0.0021284 0.0022258 0.0023287 0.0024374 0.0025524 0.0026741 0.0028028 0.002939 0.0030832 0.0032359 0.0033977
74 0.0014712 0.0015331 0.0015983 0.0016671 0.0017398 0.0018165 0.0018975 0.001983 0.0020735 0.002169 0.0022701 0.0023769 0.00249 0.0026096 0.0027362 0.0028703 0.0030123 0.0031628 0.0033223 0.0034915
75 0.0014884 0.0015521 0.0016193 0.0016903 0.0017653 0.0018446 0.0019283 0.0020169 0.0021105 0.0022095 0.0023143 0.0024252 0.0025426 0.002667 0.0027987 0.0029384 0.0030864 0.0032433 0.0034098 0.0035866
76 0.0015052 0.0015707 0.00164 0.0017132 0.0017906 0.0018724 0.0019589 0.0020505 0.0021474 0.0022499 0.0023585 0.0024736 0.0025955 0.0027247 0.0028616 0.0030069 0.0031611 0.0033247 0.0034984 0.0036828
77 0.0015215 0.001589 0.0016603 0.0017357 0.0018155 0.0018999 0.0019893 0.0020839 0.0021841 0.0022902 0.0024027 0.002522 0.0026484 0.0027825 0.0029249 0.003076 0.0032364 0.0034068 0.0035879 0.0037804
78 0.0015375 0.0016069 0.0016803 0.0017579 0.0018401 0.0019272 0.0020194 0.0021171 0.0022206 0.0023304 0.0024469 0.0025704 0.0027015 0.0028407 0.0029885 0.0031455 0.0033123 0.0034897 0.0036784 0.0038791
79 0.0015531 0.0016244 0.0016998 0.0017797 0.0018644 0.0019541 0.0020492 0.0021501 0.002257 0.0023705 0.002491 0.0026188 0.0027547 0.002899 0.0030524 0.0032154 0.0033889 0.0035735 0.0037699 0.0039791
80 0.0015684 0.0016415 0.0017191 0.0018012 0.0018884 0.0019808 0.0020788 0.0021828 0.0022932 0.0024105 0.002535 0.0026673 0.002808 0.0029575 0.0031166 0.0032859 0.0034661 0.003658 0.0038624 0.0040803
81 0.0015832 0.0016583 0.0017379 0.0018224 0.001912 0.0020071 0.0021081 0.0022153 0.0023292 0.0024503 0.0025789 0.0027158 0.0028613 0.0030162 0.0031811 0.0033568 0.0035439 0.0037433 0.0039559 0.0041827
82 0.0015976 0.0016746 0.0017564 0.0018432 0.0019353 0.0020331 0.0021371 0.0022476 0.002365 0.0024899 0.0026228 0.0027642 0.0029148 0.0030752 0.003246 0.0034281 0.0036223 0.0038294 0.0040504 0.0042864
83 0.0016117 0.0016906 0.0017745 0.0018636 0.0019582 0.0020588 0.0021658 0.0022796 0.0024006 0.0025294 0.0026666 0.0028127 0.0029683 0.0031342 0.0033111 0.0034998 0.0037012 0.0039162 0.0041459 0.0043913
84 0.0016253 0.0017062 0.0017922 0.0018836 0.0019808 0.0020842 0.0021942 0.0023113 0.002436 0.0025688 0.0027103 0.0028611 0.0030219 0.0031935 0.0033766 0.003572 0.0037808 0.0040038 0.0042423 0.0044973
85 0.0016386 0.0017214 0.0018096 0.0019033 0.0020031 0.0021093 0.0022224 0.0023428 0.0024712 0.002608 0.0027539 0.0029095 0.0030756 0.0032529 0.0034422 0.0036446 0.0038609 0.0040922 0.0043397 0.0046046
86 0.0016514 0.0017363 0.0018265 0.0019226 0.002025 0.002134 0.0022502 0.002374 0.0025061 0.002647 0.0027973 0.0029578 0.0031293 0.0033124 0.0035082 0.0037176 0.0039416 0.0041813 0.0044381 0.0047131
87 0.0016639 0.0017507 0.0018431 0.0019416 0.0020465 0.0021584 0.0022777 0.002405 0.0025408 0.0026858 0.0028406 0.0030061 0.003183 0.0033721 0.0035744 0.003791 0.0040228 0.0042712 0.0045374 0.0048229
88 0.001676 0.0017647 0.0018593 0.0019602 0.0020677 0.0021824 0.0023049 0.0024356 0.0025752 0.0027244 0.0028838 0.0030543 0.0032367 0.0034319 0.0036409 0.0038647 0.0041046 0.0043618 0.0046377 0.0049338
89 0.0016877 0.0017784 0.0018751 0.0019784 0.0020885 0.0022061 0.0023318 0.002466 0.0026094 0.0027628 0.0029269 0.0031025 0.0032905 0.0034918 0.0037076 0.0039388 0.0041869 0.0044531 0.0047389 0.0050459
90 0.001699 0.0017917 0.0018906 0.0019962 0.002109 0.0022295 0.0023583 0.0024961 0.0026434 0.002801 0.0029698 0.0031506 0.0033442 0.0035518 0.0037745 0.0040133 0.0042698 0.0045452 0.0048411 0.0051593
91 0.0017099 0.0018045 0.0019056 0.0020136 0.0021291 0.0022525 0.0023846 0.0025258 0.0026771 0.0028391 0.0030126 0.0031986 0.003398 0.003612 0.0038416 0.0040882 0.0043531 0.0046379 0.0049442 0.0052738
92 0.0017204 0.001817 0.0019203 0.0020307 0.0021488 0.0022752 0.0024105 0.0025553 0.0027105 0.0028768 0.0030552 0.0032465 0.0034518 0.0036722 0.0039089 0.0041634 0.004437 0.0047314 0.0050483 0.0053896
93 0.0017306 0.0018291 0.0019346 0.0020474 0.0021682 0.0022975 0.002436 0.0025845 0.0027437 0.0029144 0.0030976 0.0032943 0.0035055 0.0037325 0.0039765 0.0042389 0.0045214 0.0048256 0.0051533 0.0055065
94 0.0017403 0.0018408 0.0019485 0.0020637 0.0021871 0.0023194 0.0024613 0.0026134 0.0027765 0.0029517 0.0031398 0.0033419 0.0035592 0.0037928 0.0040442 0.0043148 0.0046063 0.0049204 0.0052592 0.0056247
95 0.0017497 0.0018522 0.001962 0.0020796 0.0022058 0.002341 0.0024861 0.0026419 0.0028092 0.0029888 0.0031819 0.0033895 0.0036129 0.0038532 0.0041121 0.004391 0.0046917 0.005016 0.005366 0.005744
96 0.0017587 0.0018631 0.0019751 0.0020952 0.002224 0.0023623 0.0025107 0.0026701 0.0028415 0.0030257 0.0032238 0.003437 0.0036665 0.0039137 0.0041802 0.0044675 0.0047775 0.0051122 0.0054738 0.0058646
97 0.0017673 0.0018737 0.0019879 0.0021104 0.0022419 0.0023831 0.0025349 0.002698 0.0028735 0.0030623 0.0032655 0.0034843 0.0037201 0.0039743 0.0042484 0.0045443 0.0048639 0.0052091 0.0055824 0.0059863
98 0.0017756 0.0018839 0.0020002 0.0021251 0.0022594 0.0024036 0.0025588 0.0027256 0.0029052 0.0030986 0.0033069 0.0035315 0.0037736 0.0040348 0.0043168 0.0046215 0.0049507 0.0053067 0.005692 0.0061092
99 0.0017834 0.0018937 0.0020122 0.0021396 0.0022765 0.0024238 0.0025823 0.0027529 0.0029367 0.0031347 0.0033482 0.0035785 0.003827 0.0040954 0.0043854 0.0046989 0.0050379 0.005405 0.0058025 0.0062333
100 0.0017909 0.0019032 0.0020238 0.0021536 0.0022932 0.0024435 0.0026054 0.0027798 0.0029678 0.0031705 0.0033892 0.0036254 0.0038804 0.004156 0.0044541 0.0047765 0.0051257 0.0055039 0.0059139 0.0063586
101 0.0017981 0.0019122 0.002035 0.0021672 0.0023096 0.0024629 0.0026282 0.0028064 0.0029986 0.0032061 0.0034301 0.0036721 0.0039337 0.0042167 0.0045229 0.0048545 0.0052138 0.0056034 0.0060261 0.0064851
102 0.0018048 0.0019209 0.0020459 0.0021805 0.0023256 0.002482 0.0026506 0.0028327 0.0030291 0.0032414 0.0034707 0.0037187 0.0039869 0.0042773 0.0045918 0.0049327 0.0053024 0.0057036 0.0061393 0.0066128
103 0.0018112 0.0019292 0.0020564 0.0021934 0.0023412 0.0025006 0.0026727 0.0028586 0.0030593 0.0032764 0.0035111 0.003765 0.00404 0.004338 0.0046609 0.0050112 0.0053914 0.0058044 0.0062533 0.0067416
104 0.0018173 0.0019372 0.0020665 0.0022059 0.0023565 0.0025189 0.0026945 0.0028841 0.0030892 0.0033111 0.0035512 0.0038113 0.0040931 0.0043986 0.0047301 0.0050899 0.0054809 0.0059059 0.0063683 0.0068717
105 0.001823 0.0019448 0.0020762 0.0022181 0.0023713 0.0025369 0.0027158 0.0029094 0.0031188 0.0033455 0.0035911 0.0038573 0.004146 0.0044592 0.0047993 0.0051689 0.0055707 0.006008 0.0064841 0.0070029
106 0.0018283 0.001952 0.0020856 0.0022299 0.0023858 0.0025544 0.0027368 0.0029343 0.003148 0.0033797 0.0036308 0.0039031 0.0041987 0.0045198 0.0048687 0.0052481 0.005661 0.0061107 0.0066007 0.0071353
107 0.0018333 0.0019589 0.0020946 0.0022413 0.0023999 0.0025716 0.0027575 0.0029588 0.003177 0.0034135 0.0036702 0.0039488 0.0042514 0.0045804 0.0049381 0.0053276 0.0057517 0.006214 0.0067183 0.0072688
108 0.001838 0.0019654 0.0021032 0.0022523 0.0024137 0.0025884 0.0027778 0.002983 0.0032056 0.0034471 0.0037093 0.0039942 0.004304 0.0046409 0.0050077 0.0054072 0.0058427 0.0063179 0.0068367 0.0074035
109 0.0018423 0.0019716 0.0021115 0.002263 0.0024271 0.0026049 0.0027977 0.0030068 0.0032338 0.0034803 0.0037482 0.0040395 0.0043564 0.0047014 0.0050773 0.0054871 0.0059342 0.0064224 0.0069559 0.0075394
110 0.0018463 0.0019774 0.0021194 0.0022733 0.0024401 0.002621 0.0028172 0.0030303 0.0032617 0.0035133 0.0037868 0.0040845 0.0044086 0.0047618 0.0051469 0.0055671 0.006026 0.0065275 0.007076 0.0076765
111 0.0018499 0.0019829 0.002127 0.0022832 0.0024527 0.0026367 0.0028364 0.0030534 0.0032893 0.0035459 0.0038252 0.0041293 0.0044608 0.0048222 0.0052166 0.0056474 0.0061182 0.0066332 0.007197 0.0078148
112 0.0018532 0.001988 0.0021342 0.0022928 0.002465 0.002652 0.0028552 0.0030762 0.0033166 0.0035783 0.0038633 0.0041739 0.0045127 0.0048825 0.0052864 0.0057279 0.0062108 0.0067395 0.0073188 0.0079542
113 0.0018562 0.0019928 0.0021411 0.002302 0.0024769 0.002667 0.0028737 0.0030986 0.0033435 0.0036103 0.0039011 0.0042183 0.0045646 0.0049428 0.0053562 0.0058085 0.0063037 0.0068463 0.0074414 0.0080947
114 0.0018589 0.0019973 0.0021476 0.0023109 0.0024885 0.0026816 0.0028918 0.0031207 0.0033701 0.003642 0.0039386 0.0042625 0.0046162 0.005003 0.0054261 0.0058893 0.006397 0.0069537 0.0075649 0.0082364
115 0.0018612 0.0020014 0.0021537 0.0023194 0.0024996 0.0026958 0.0029095 0.0031424 0.0033963 0.0036734 0.0039759 0.0043064 0.0046677 0.005063 0.0054959 0.0059703 0.0064906 0.0070617 0.0076892 0.0083793
116 0.0018633 0.0020052 0.0021596 0.0023276 0.0025105 0.0027097 0.0029269 0.0031638 0.0034222 0.0037045 0.0040129 0.0043501 0.004719 0.0051231 0.0055658 0.0060514 0.0065845 0.0071702 0.0078143 0.0085234
117 0.001865 0.0020087 0.0021651 0.0023354 0.0025209 0.0027232 0.0029439 0.0031848 0.0034478 0.0037352 0.0040495 0.0043935 0.0047702 0.005183 0.0056357 0.0061327 0.0066788 0.0072793 0.0079403 0.0086686
118 0.0018664 0.0020118 0.0021702 0.0023428 0.002531 0.0027364 0.0029606 0.0032054 0.003473 0.0037657 0.0040859 0.0044367 0.0048211 0.0052428 0.0057056 0.0062142 0.0067734 0.0073889 0.008067 0.0088149
119 0.0018675 0.0020147 0.002175 0.0023499 0.0025408 0.0027492 0.0029768 0.0032257 0.0034979 0.0037958 0.004122 0.0044796 0.0048719 0.0053025 0.0057756 0.0062958 0.0068683 0.0074991 0.0081946 0.0089624
120 0.0018684 0.0020172 0.0021795 0.0023567 0.0025502 0.0027616 0.0029928 0.0032456 0.0035224 0.0038255 0.0041578 0.0045223 0.0049225 0.0053621 0.0058455 0.0063775 0.0069636 0.0076098 0.008323 0.0091111
121 0.0018689 0.0020194 0.0021837 0.0023631 0.0025593 0.0027737 0.0030083 0.0032652 0.0035465 0.003855 0.0041933 0.0045647 0.0049728 0.0054216 0.0059154 0.0064593 0.0070591 0.007721 0.0084522 0.0092609
122 0.0018691 0.0020213 0.0021875 0.0023692 0.002568 0.0027854 0.0030235 0.0032844 0.0035703 0.0038841 0.0042285 0.0046069 0.005023 0.0054809 0.0059853 0.0065413 0.0071549 0.0078327 0.0085822 0.0094118
123 0.0018691 0.0020229 0.0021911 0.002375 0.0025763 0.0027968 0.0030384 0.0033032 0.0035938 0.0039128 0.0042634 0.0046488 0.005073 0.0055401 0.0060551 0.0066234 0.007251 0.0079449 0.0087129 0.0095639
124 0.0018688 0.0020242 0.0021943 0.0023805 0.0025844 0.0028078 0.0030529 0.0033217 0.0036169 0.0039413 0.004298 0.0046904 0.0051227 0.0055992 0.006125 0.0067056 0.0073474 0.0080577 0.0088445 0.0097171
125 0.0018682 0.0020252 0.0021972 0.0023856 0.002592 0.0028185 0.003067 0.0033398 0.0036397 0.0039694 0.0043322 0.0047318 0.0051723 0.0056582 0.0061948 0.0067879 0.0074441 0.0081709 0.0089768 0.0098715
126 0.0018673 0.0020259 0.0021998 0.0023904 0.0025994 0.0028288 0.0030808 0.0033576 0.0036621 0.0039971 0.0043662 0.0047729 0.0052216 0.005717 0.0062646 0.0068703 0.0075411 0.0082847 0.00911 0.010027
127 0.0018661 0.0020264 0.0022021 0.0023948 0.0026064 0.0028388 0.0030942 0.003375 0.0036841 0.0040246 0.0043998 0.0048137 0.0052707 0.0057757 0.0063343 0.0069528 0.0076383 0.0083989 0.0092439 0.010184
128 0.0018647 0.0020265 0.0022041 0.002399 0.0026131 0.0028484 0.0031072 0.0033921 0.0037059 0.0040517 0.0044331 0.0048542 0.0053196 0.0058342 0.006404 0.0070353 0.0077357 0.0085136 0.0093786 0.010341
129 0.0018631 0.0020264 0.0022058 0.0024028 0.0026194 0.0028577 0.00312 0.0034088 0.0037272 0.0040784 0.0044661 0.0048945 0.0053682 0.0058926 0.0064736 0.007118 0.0078335 0.0086288 0.009514 0.0105
130 0.0018612 0.002026 0.0022072 0.0024063 0.0026255 0.0028667 0.0031323 0.0034252 0.0037482 0.0041048 0.0044988 0.0049344 0.0054166 0.0059508 0.0065431 0.0072007 0.0079314 0.0087445 0.0096502 0.01066
131 0.001859 0.0020254 0.0022083 0.0024096 0.0026312 0.0028753 0.0031444 0.0034412 0.0037689 0.0041309 0.0045311 0.0049741 0.0054648 0.0060088 0.0066126 0.0072835 0.0080297 0.0088606 0.0097872 0.010822
132 0.0018566 0.0020244 0.0022091 0.0024125 0.0026366 0.0028836 0.003156 0.0034568 0.0037892 0.0041566 0.0045632 0.0050135 0.0055127 0.0060667 0.006682 0.0073663 0.0081281 0.0089772 0.0099249 0.010984
133 0.0018539 0.0020232 0.0022097 0.0024151 0.0026416 0.0028915 0.0031674 0.0034722 0.0038091 0.004182 0.0045949 0.0050526 0.0055604 0.0061243 0.0067513 0.0074492 0.0082268 0.0090943 0.010063 0.011147
134 0.0018511 0.0020218 0.00221 0.0024174 0.0026464 0.0028991 0.0031784 0.0034871 0.0038287 0.004207 0.0046263 0.0050914 0.0056078 0.0061818 0.0068206 0.0075321 0.0083257 0.0092118 0.010203 0.011312
135 0.0018479 0.0020201 0.00221 0.0024195 0.0026508 0.0029064 0.003189 0.0035017 0.003848 0.0042317 0.0046573 0.0051299 0.005655 0.0062392 0.0068897 0.0076151 0.0084248 0.0093297 0.010342 0.011477
136 0.0018446 0.0020181 0.0022097 0.0024212 0.002655 0.0029134 0.0031994 0.003516 0.0038669 0.004256 0.004688 0.005168 0.0057019 0.0062963 0.0069588 0.0076981 0.0085241 0.0094481 0.010483 0.011644
137 0.001841 0.002016 0.0022092 0.0024227 0.0026588 0.00292 0.0032093 0.0035299 0.0038854 0.00428 0.0047184 0.0052059 0.0057486 0.0063532 0.0070278 0.0077811 0.0086236 0.0095669 0.010625 0.011812
138 0.0018372 0.0020135 0.0022084 0.0024239 0.0026623 0.0029264 0.003219 0.0035435 0.0039036 0.0043037 0.0047485 0.0052435 0.005795 0.00641 0.0070966 0.0078642 0.0087233 0.0096861 0.010767 0.011981
139 0.0018332 0.0020109 0.0022073 0.0024248 0.0026656 0.0029324 0.0032283 0.0035567 0.0039215 0.004327 0.0047782 0.0052808 0.0058411 0.0064665 0.0071654 0.0079473 0.0088232 0.0098058 0.01091 0.012151
140 0.001829 0.002008 0.002206 0.0024254 0.0026685 0.0029381 0.0032373 0.0035696 0.003939 0.00435 0.0048076 0.0053177 0.005887 0.0065229 0.007234 0.0080304 0.0089233 0.0099259 0.011053 0.012323
141 0.0018246 0.0020048 0.0022045 0.0024257 0.0026712 0.0029435 0.003246 0.0035822 0.0039562 0.0043726 0.0048367 0.0053544 0.0059326 0.006579 0.0073026 0.0081135 0.0090236 0.010046 0.011197 0.012495
142 0.00182 0.0020015 0.0022027 0.0024258 0.0026735 0.0029486 0.0032543 0.0035944 0.003973 0.0043949 0.0048654 0.0053907 0.0059779 0.0066349 0.007371 0.0081966 0.0091241 0.010167 0.011342 0.012668
143 0.0018152 0.0019979 0.0022006 0.0024257 0.0026756 0.0029534 0.0032624 0.0036063 0.0039895 0.0044168 0.0048938 0.0054268 0.0060229 0.0066906 0.0074392 0.0082797 0.0092247 0.010289 0.011488 0.012843
144 0.0018102 0.0019941 0.0021984 0.0024252 0.0026774 0.0029579 0.0032701 0.0036179 0.0040056 0.0044384 0.0049219 0.0054625 0.0060677 0.0067461 0.0075074 0.0083629 0.0093255 0.01041 0.011635 0.013019
145 0.001805 0.0019901 0.0021959 0.0024246 0.0026789 0.0029621 0.0032775 0.0036291 0.0040214 0.0044597 0.0049496 0.0054979 0.0061122 0.0068014 0.0075754 0.0084459 0.0094264 0.010532 0.011782 0.013195
146 0.0017996 0.0019859 0.0021931 0.0024236 0.0026802 0.002966 0.0032845 0.00364 0.0040369 0.0044806 0.004977 0.005533 0.0061564 0.0068564 0.0076433 0.008529 0.0095275 0.010655 0.011929 0.013373
147 0.001794 0.0019815 0.0021902 0.0024224 0.0026812 0.0029696 0.0032913 0.0036506 0.004052 0.0045011 0.005004 0.0055677 0.0062003 0.0069112 0.007711 0.0086121 0.0096288 0.010778 0.012078 0.013552
148 0.0017883 0.0019769 0.002187 0.002421 0.0026819 0.0029729 0.0032978 0.0036608 0.0040668 0.0045214 0.0050307 0.0056022 0.006244 0.0069658 0.0077786 0.0086951 0.0097301 0.010901 0.012227 0.013732
149 0.0017824 0.0019721 0.0021836 0.0024193 0.0026823 0.0029759 0.0033039 0.0036707 0.0040813 0.0045412 0.0050571 0.0056363 0.0062873 0.0070201 0.007846 0.0087781 0.0098317 0.011024 0.012377 0.013914
150 0.0017763 0.0019672 0.00218 0.0024174 0.0026825 0.0029787 0.0033098 0.0036803 0.0040954 0.0045608 0.0050831 0.0056701 0.0063304 0.0070742 0.0079133 0.0088611 0.0099333 0.011148 0.012528 0.014096
151 0.00177 0.001962 0.0021762 0.0024153 0.0026824 0.0029811 0.0033153 0.0036896 0.0041092 0.00458 0.0051088 0.0057035 0.0063732 0.0071281 0.0079804 0.008944 0.010035 0.011273 0.012679 0.014279
152 0.0017636 0.0019566 0.0021721 0.0024129 0.0026821 0.0029833 0.0033206 0.0036986 0.0041227 0.0045989 0.0051342 0.0057367 0.0064156 0.0071817 0.0080473 0.0090268 0.010137 0.011397 0.012831 0.014464
153 0.0017571 0.0019511 0.0021679 0.0024103 0.0026816 0.0029853 0.0033256 0.0037073 0.0041358 0.0046174 0.0051592 0.0057695 0.0064578 0.0072351 0.0081141 0.0091097 0.010239 0.011522 0.012983 0.014649
154 0.0017504 0.0019454 0.0021635 0.0024075 0.0026807 0.0029869 0.0033302 0.0037156 0.0041486 0.0046356 0.0051839 0.005802 0.0064997 0.0072882 0.0081807 0.0091924 0.010341 0.011648 0.013136 0.014836
155 0.0017435 0.0019395 0.0021589 0.0024045 0.0026797 0.0029883 0.0033346 0.0037237 0.0041611 0.0046535 0.0052083 0.0058342 0.0065413 0.0073411 0.0082471 0.0092751 0.010443 0.011773 0.01329 0.015023
156 0.0017365 0.0019335 0.0021541 0.0024012 0.0026784 0.0029894 0.0033387 0.0037314 0.0041733 0.004671 0.0052323 0.005866 0.0065825 0.0073937 0.0083134 0.0093578 0.010546 0.011899 0.013445 0.015212
157 0.0017293 0.0019273 0.0021491 0.0023978 0.0026769 0.0029903 0.0033426 0.0037389 0.0041851 0.0046882 0.005256 0.0058976 0.0066235 0.0074461 0.0083795 0.0094403 0.010648 0.012026 0.0136 0.015402
158 0.0017221 0.0019209 0.0021439 0.0023941 0.0026751 0.0029909 0.0033461 0.003746 0.0041967 0.0047051 0.0052793 0.0059288 0.0066642 0.0074982 0.0084453 0.0095228 0.010751 0.012152 0.013756 0.015593
159 0.0017146 0.0019144 0.0021385 0.0023902 0.0026731 0.0029913 0.0033494 0.0037528 0.0042079 0.0047216 0.0053023 0.0059596 0.0067045 0.00755 0.008511 0.0096052 0.010853 0.012279 0.013912 0.015785
160 0.0017071 0.0019077 0.002133 0.0023862 0.0026709 0.0029914 0.0033524 0.0037594 0.0042188 0.0047378 0.005325 0.0059902 0.0067446 0.0076016 0.0085765 0.0096876 0.010956 0.012407 0.014069 0.015978
161 0.0016994 0.0019009 0.0021273 0.0023819 0.0026685 0.0029912 0.0033551 0.0037656 0.0042293 0.0047537 0.0053474 0.0060204 0.0067843 0.0076529 0.0086418 0.0097698 0.011059 0.012534 0.014227 0.016172
162 0.0016916 0.0018939 0.0021214 0.0023775 0.0026658 0.0029909 0.0033575 0.0037716 0.0042396 0.0047693 0.0053694 0.0060503 0.0068238 0.0077039 0.0087069 0.009852 0.011162 0.012662 0.014385 0.016367
163 0.0016837 0.0018868 0.0021154 0.0023728 0.002663 0.0029903 0.0033597 0.0037773 0.0042496 0.0047845 0.0053911 0.0060798 0.0068629 0.0077547 0.0087719 0.0099341 0.011264 0.01279 0.014544 0.016564
164 0.0016757 0.0018796 0.0021092 0.002368 0.0026599 0.0029894 0.0033617 0.0037826 0.0042592 0.0047994 0.0054124 0.006109 0.0069017 0.0078052 0.0088366 0.010016 0.011367 0.012919 0.014703 0.016761
165 0.0016676 0.0018722 0.0021029 0.002363 0.0026566 0.0029883 0.0033633 0.0037878 0.0042686 0.004814 0.0054335 0.0061379 0.0069402 0.0078554 0.008901 0.010098 0.01147 0.013047 0.014864 0.01696
166 0.0016593 0.0018647 0.0020964 0.0023578 0.0026531 0.002987 0.0033647 0.0037926 0.0042777 0.0048283 0.0054542 0.0061665 0.0069784 0.0079053 0.0089653 0.01018 0.011573 0.013177 0.015024 0.017159
167 0.001651 0.0018571 0.0020897 0.0023525 0.0026495 0.0029855 0.0033659 0.0037971 0.0042864 0.0048423 0.0054745 0.0061947 0.0070163 0.007955 0.0090294 0.010261 0.011677 0.013306 0.015186 0.01736
168 0.0016426 0.0018493 0.0020829 0.0023469 0.0026456 0.0029837 0.0033668 0.0038014 0.0042949 0.0048559 0.0054946 0.0062226 0.0070539 0.0080044 0.0090932 0.010343 0.01178 0.013435 0.015348 0.017561
169 0.001634 0.0018415 0.002076 0.0023412 0.0026415 0.0029817 0.0033675 0.0038054 0.004303 0.0048692 0.0055143 0.0062502 0.0070911 0.0080535 0.0091569 0.010424 0.011883 0.013565 0.01551 0.017764
170 0.0016254 0.0018335 0.0020689 0.0023354 0.0026373 0.0029795 0.0033679 0.0038091 0.0043109 0.0048823 0.0055337 0.0062775 0.007128 0.0081023 0.0092203 0.010506 0.011986 0.013695 0.015673 0.017968
171 0.0016167 0.0018254 0.0020617 0.0023294 0.0026328 0.0029771 0.0033681 0.0038126 0.0043185 0.004895 0.0055528 0.0063044 0.0071647 0.0081508 0.0092834 0.010587 0.012089 0.013826 0.015837 0.018172
172 0.0016078 0.0018172 0.0020543 0.0023232 0.0026282 0.0029745 0.0033681 0.0038158 0.0043258 0.0049074 0.0055715 0.006331 0.007201 0.0081991 0.0093464 0.010668 0.012193 0.013956 0.016001 0.018378
173 0.0015989 0.0018089 0.0020469 0.0023169 0.0026234 0.0029717 0.0033678 0.0038188 0.0043328 0.0049195 0.0055899 0.0063573 0.0072369 0.0082471 0.0094091 0.010749 0.012296 0.014087 0.016166 0.018585
174 0.00159 0.0018005 0.0020393 0.0023104 0.0026184 0.0029686 0.0033673 0.0038215 0.0043395 0.0049313 0.005608 0.0063832 0.0072726 0.0082947 0.0094716 0.010829 0.012399 0.014218 0.016332 0.018793
175 0.0015809 0.001792 0.0020315 0.0023038 0.0026132 0.0029654 0.0033665 0.0038239 0.004346 0.0049427 0.0056258 0.0064088 0.0073079 0.0083421 0.0095339 0.01091 0.012503 0.01435 0.016498 0.019002
176 0.0015718 0.0017833 0.0020237 0.002297 0.0026079 0.002962 0.0033656 0.0038261 0.0043522 0.0049539 0.0056433 0.0064341 0.007343 0.0083892 0.0095959 0.010991 0.012606 0.014481 0.016664 0.019212
177 0.0015626 0.0017746 0.0020158 0.0022901 0.0026024 0.0029584 0.0033644 0.003828 0.004358 0.0049648 0.0056604 0.0064591 0.0073777 0.008436 0.0096577 0.011071 0.012709 0.014613 0.016831 0.019423
178 0.0015533 0.0017659 0.0020077 0.002283 0.0025968 0.0029546 0.003363 0.0038297 0.0043637 0.0049754 0.0056773 0.0064838 0.007412 0.0084825 0.0097192 0.011151 0.012813 0.014745 0.016999 0.019635
179 0.001544 0.001757 0.0019995 0.0022759 0.002591 0.0029506 0.0033614 0.0038311 0.004369 0.0049857 0.0056938 0.0065081 0.0074461 0.0085287 0.0097805 0.011231 0.012916 0.014878 0.017167 0.019848
180 0.0015346 0.001748 0.0019912 0.0022686 0.002585 0.0029464 0.0033595 0.0038323 0.0043741 0.0049957 0.00571 0.0065321 0.0074798 0.0085746 0.0098415 0.011311 0.013019 0.01501 0.017336 0.020062
181 0.0015251 0.001739 0.0019829 0.0022611 0.0025789 0.002942 0.0033575 0.0038333 0.0043789 0.0050054 0.0057259 0.0065558 0.0075133 0.0086202 0.0099023 0.011391 0.013123 0.015143 0.017506 0.020277
182 0.0015156 0.0017299 0.0019744 0.0022536 0.0025726 0.0029375 0.0033552 0.003834 0.0043835 0.0050149 0.0057415 0.0065791 0.0075464 0.0086655 0.0099628 0.01147 0.013226 0.015276 0.017676 0.020494
183 0.0015061 0.0017207 0.0019658 0.0022459 0.0025662 0.0029328 0.0033528 0.0038345 0.0043878 0.005024 0.0057568 0.0066022 0.0075792 0.0087105 0.010023 0.01155 0.013329 0.015409 0.017846 0.020711
184 0.0014964 0.0017114 0.0019571 0.0022381 0.0025596 0.0029279 0.0033501 0.0038348 0.0043918 0.0050329 0.0057718 0.0066249 0.0076116 0.0087551 0.010083 0.011629 0.013432 0.015542 0.018017 0.020929
185 0.0014868 0.0017021 0.0019484 0.0022302 0.0025529 0.0029229 0.0033473 0.0038348 0.0043956 0.0050414 0.0057864 0.0066473 0.0076438 0.0087995 0.010143 0.011708 0.013536 0.015676 0.018189 0.021148
186 0.0014771 0.0016927 0.0019395 0.0022222 0.0025461 0.0029176 0.0033443 0.0038347 0.0043991 0.0050497 0.0058008 0.0066694 0.0076756 0.0088436 0.010202 0.011787 0.013639 0.015809 0.018361 0.021369
187 0.0014673 0.0016833 0.0019306 0.0022141 0.0025391 0.0029123 0.003341 0.0038343 0.0044024 0.0050577 0.0058149 0.0066911 0.0077071 0.0088874 0.010262 0.011866 0.013742 0.015943 0.018533 0.02159
188 0.0014575 0.0016738 0.0019216 0.0022058 0.002532 0.0029067 0.0033376 0.0038336 0.0044054 0.0050655 0.0058287 0.0067126 0.0077383 0.0089309 0.010321 0.011944 0.013845 0.016077 0.018706 0.021812
189 0.0014477 0.0016642 0.0019125 0.0021975 0.0025248 0.002901 0.003334 0.0038328 0.0044082 0.005073 0.0058421 0.0067337 0.0077691 0.0089741 0.010379 0.012022 0.013948 0.016212 0.01888 0.022036
190 0.0014378 0.0016546 0.0019033 0.0021891 0.0025174 0.0028952 0.0033302 0.0038318 0.0044108 0.0050802 0.0058553 0.0067545 0.0077997 0.0090169 0.010438 0.012101 0.014051 0.016346 0.019054 0.02226
191 0.0014279 0.0016449 0.0018941 0.0021805 0.00251 0.0028892 0.0033263 0.0038305 0.0044131 0.0050871 0.0058682 0.0067751 0.0078299 0.0090595 0.010496 0.012178 0.014154 0.016481 0.019229 0.022486
192 0.001418 0.0016352 0.0018848 0.0021719 0.0025024 0.0028831 0.0033221 0.003829 0.0044151 0.0050937 0.0058808 0.0067953 0.0078598 0.0091018 0.010554 0.012256 0.014257 0.016615 0.019404 0.022712
193 0.001408 0.0016254 0.0018754 0.0021632 0.0024947 0.0028768 0.0033178 0.0038274 0.004417 0.0051001 0.0058931 0.0068152 0.0078894 0.0091437 0.010612 0.012334 0.01436 0.01675 0.019579 0.022939
194 0.001398 0.0016156 0.001866 0.0021544 0.0024868 0.0028704 0.0033133 0.0038255 0.0044186 0.0051063 0.0059051 0.0068347 0.0079187 0.0091853 0.010669 0.012411 0.014463 0.016885 0.019756 0.023168
195 0.001388 0.0016057 0.0018565 0.0021455 0.0024789 0.0028638 0.0033087 0.0038234 0.0044199 0.0051122 0.0059169 0.006854 0.0079476 0.0092267 0.010726 0.012488 0.014565 0.017021 0.019932 0.023397
196 0.001378 0.0015958 0.0018469 0.0021365 0.0024709 0.0028571 0.0033039 0.0038212 0.0044211 0.0051178 0.0059283 0.006873 0.0079763 0.0092677 0.010783 0.012565 0.014668 0.017156 0.020109 0.023628
197 0.0013679 0.0015859 0.0018373 0.0021275 0.0024627 0.0028503 0.0032989 0.0038187 0.004422 0.0051231 0.0059395 0.0068916 0.0080046 0.0093084 0.010839 0.012642 0.014771 0.017291 0.020287 0.023859
198 0.0013579 0.0015759 0.0018276 0.0021184 0.0024545 0.0028433 0.0032937 0.0038161 0.0044227 0.0051283 0.0059503 0.00691 0.0080326 0.0093488 0.010896 0.012719 0.014873 0.017427 0.020465 0.024092
199 0.0013478 0.0015659 0.0018179 0.0021092 0.0024461 0.0028362 0.0032885 0.0038133 0.0044232 0.0051331 0.0059609 0.0069281 0.0080603 0.0093889 0.010952 0.012795 0.014975 0.017563 0.020644 0.024325
200 0.0013377 0.0015559 0.0018081 0.0020999 0.0024377 0.002829 0.003283 0.0038102 0.0044234 0.0051377 0.0059713 0.0069458 0.0080877 0.0094286 0.011007 0.012871 0.015078 0.017699 0.020823 0.024559
