# nuebar Energy (MeV) - Xscn At That Energy in units of 10^(-38) cm^2
1 3.2319e-07
2 7.0173e-07
3 1.0867e-06
4 1.4738e-06
5 1.8618e-06
6 2.2503e-06
7 2.6392e-06
8 3.0282e-06
9 3.4174e-06
10 3.8066e-06
11 4.1959e-06
12 4.5853e-06
13 4.9747e-06
14 5.3642e-06
15 5.7536e-06
16 6.1431e-06
17 6.5326e-06
18 6.922e-06
19 7.3115e-06
20 7.701e-06
21 8.0905e-06
22 8.48e-06
23 8.8695e-06
24 9.259e-06
25 9.6485e-06
26 1.0038e-05
27 1.0427e-05
28 1.0817e-05
29 1.1206e-05
30 1.1596e-05
31 1.1985e-05
32 1.2375e-05
33 1.2764e-05
34 1.3153e-05
35 1.3543e-05
36 1.3932e-05
37 1.4322e-05
38 1.4711e-05
39 1.51e-05
40 1.549e-05
41 1.5879e-05
42 1.6268e-05
43 1.6657e-05
44 1.7047e-05
45 1.7436e-05
46 1.7825e-05
47 1.8214e-05
48 1.8604e-05
49 1.8993e-05
50 1.9382e-05
51 1.9771e-05
52 2.016e-05
53 2.0549e-05
54 2.0938e-05
55 2.1328e-05
56 2.1717e-05
57 2.2106e-05
58 2.2495e-05
59 2.2884e-05
60 2.3273e-05
61 2.3662e-05
62 2.4051e-05
63 2.444e-05
64 2.4829e-05
65 2.5217e-05
66 2.5606e-05
67 2.5995e-05
68 2.6384e-05
69 2.6773e-05
70 2.7162e-05
71 2.7551e-05
72 2.794e-05
73 2.8328e-05
74 2.8717e-05
75 2.9106e-05
76 2.9495e-05
77 2.9884e-05
78 3.0272e-05
79 3.0661e-05
80 3.105e-05
81 3.1439e-05
82 3.1828e-05
83 3.2216e-05
84 3.2605e-05
85 3.2994e-05
86 3.3382e-05
87 3.3771e-05
88 3.416e-05
89 3.4549e-05
90 3.4937e-05
91 3.5326e-05
92 3.5715e-05
93 3.6103e-05
94 3.6492e-05
95 3.6881e-05
96 3.727e-05
97 3.7658e-05
98 3.8047e-05
99 3.8436e-05
100 3.8825e-05
101 3.9213e-05
102 3.9602e-05
103 3.9991e-05
104 4.038e-05
105 4.0768e-05
106 4.1157e-05
107 4.1546e-05
108 4.1935e-05
109 4.2323e-05
110 4.2712e-05
111 4.3101e-05
112 4.349e-05
113 4.3879e-05
114 4.4268e-05
115 4.4657e-05
116 4.5046e-05
117 4.5434e-05
118 4.5823e-05
119 4.6212e-05
120 4.6601e-05
121 4.699e-05
122 4.7379e-05
123 4.7769e-05
124 4.8158e-05
125 4.8547e-05
126 4.8936e-05
127 4.9325e-05
128 4.9714e-05
129 5.0103e-05
130 5.0493e-05
131 5.0882e-05
132 5.1271e-05
133 5.1661e-05
134 5.205e-05
135 5.2439e-05
136 5.2829e-05
137 5.3218e-05
138 5.3608e-05
139 5.3997e-05
140 5.4387e-05
141 5.4776e-05
142 5.5166e-05
143 5.5556e-05
144 5.5945e-05
145 5.6335e-05
146 5.6725e-05
147 5.7115e-05
148 5.7505e-05
149 5.7894e-05
150 5.8284e-05
151 5.8674e-05
152 5.9064e-05
153 5.9455e-05
154 5.9845e-05
155 6.0235e-05
156 6.0625e-05
157 6.1015e-05
158 6.1406e-05
159 6.1796e-05
160 6.2186e-05
161 6.2577e-05
162 6.2967e-05
163 6.3358e-05
164 6.3749e-05
165 6.4139e-05
166 6.453e-05
167 6.4921e-05
168 6.5312e-05
169 6.5703e-05
170 6.6093e-05
171 6.6484e-05
172 6.6876e-05
173 6.7267e-05
174 6.7658e-05
175 6.8049e-05
176 6.844e-05
177 6.8832e-05
178 6.9223e-05
179 6.9614e-05
180 7.0006e-05
181 7.0397e-05
182 7.0789e-05
183 7.1181e-05
184 7.1573e-05
185 7.1964e-05
186 7.2356e-05
187 7.2748e-05
188 7.314e-05
189 7.3532e-05
190 7.3924e-05
191 7.4316e-05
192 7.4709e-05
193 7.5101e-05
194 7.5493e-05
195 7.5886e-05
196 7.6278e-05
197 7.6671e-05
198 7.7063e-05
199 7.7456e-05
200 7.7849e-05
