1 0
2 0
3 0
4 0
5 0
6 0
7 0
8 0
9 0
10 0
11 0
12 0
13 7.0879e-09
14 2.7951e-07
15 6.4925e-07
16 1.2302e-06
17 2.1125e-06
18 4.1897e-06
19 6.5655e-06
20 1.15e-05
21 1.7673e-05
22 2.7713e-05
23 3.7754e-05
24 4.7794e-05
25 6.4114e-05
26 8.462e-05
27 0.00010513
28 0.00012998
29 0.00016719
30 0.0002044
31 0.00024161
32 0.00029447
33 0.0003612
34 0.00042792
35 0.00049465
36 0.00057671
37 0.0006626
38 0.00074849
39 0.00084186
40 0.00096513
41 0.0010884
42 0.0012117
43 0.0013625
44 0.0015317
45 0.0017008
46 0.00187
47 0.0020733
48 0.0022767
49 0.00248
50 0.0027038
51 0.0029582
52 0.0032127
53 0.0034671
54 0.0037704
55 0.004086
56 0.0044016
57 0.0047389
58 0.0051637
59 0.0055884
60 0.0060131
61 0.0064288
62 0.0068386
63 0.0072483
64 0.007658
65 0.0081802
66 0.0087024
67 0.0092247
68 0.0097882
69 0.010414
70 0.011039
71 0.011665
72 0.012221
73 0.01276
74 0.013299
75 0.013865
76 0.01454
77 0.015215
78 0.01589
79 0.016623
80 0.017396
81 0.018168
82 0.01894
83 0.019709
84 0.020479
85 0.021248
86 0.022044
87 0.022881
88 0.023717
89 0.024553
90 0.025422
91 0.0263
92 0.027178
93 0.028071
94 0.029023
95 0.029976
96 0.030929
97 0.03187
98 0.032803
99 0.033737
100 0.03467
101 0.035314
102 0.035959
103 0.036603
104 0.037368
105 0.038312
106 0.039257
107 0.040201
108 0.041086
109 0.041955
110 0.042824
111 0.043714
112 0.044683
113 0.045653
114 0.046622
115 0.04768
116 0.048797
117 0.049913
118 0.05103
119 0.052241
120 0.053452
121 0.054663
122 0.055878
123 0.057097
124 0.058317
125 0.059536
126 0.060473
127 0.06134
128 0.062207
129 0.063096
130 0.064073
131 0.065051
132 0.066029
133 0.066925
134 0.067767
135 0.068608
136 0.06945
137 0.070486
138 0.071522
139 0.072558
140 0.073483
141 0.074242
142 0.075
143 0.075758
144 0.077012
145 0.07839
146 0.079768
147 0.080916
148 0.081143
149 0.081371
150 0.081599
151 0.082162
152 0.082948
153 0.083734
154 0.08452
155 0.08532
156 0.08612
157 0.08692
158 0.08762
159 0.08817
160 0.08872
161 0.08927
162 0.0901
163 0.091
164 0.0919
165 0.092768
166 0.09351
167 0.094252
168 0.094993
169 0.095713
170 0.096419
171 0.097124
172 0.09783
173 0.098627
174 0.099424
175 0.10022
176 0.10107
177 0.10198
178 0.1029
179 0.10382
180 0.10451
181 0.10515
182 0.10579
183 0.10635
184 0.1066
185 0.10685
186 0.1071
187 0.10763
188 0.10836
189 0.10908
190 0.1098
191 0.1104
192 0.11099
193 0.11159
194 0.11219
195 0.11278
196 0.11338
197 0.11398
198 0.11457
199 0.11517
200 0.11576
