42
1 0 0 0 0 0 0 0 0 0 0 0 0 0 0 0 0 0 0 0 0 0 0 0 0 0 0 0 0 0 0 0 0 0 0 0 0 0 0 0 0 0 0
2 0 0 0 0 0 0 0 0 0 0 0 0 0 0 0 0 0 0 0 0 0 0 0 0 0 0 0 0 0 0 0 0 0 0 0 0 0 0 0 0 0 0
3 0 0 0 0 0 0 0 0 0 0 0 0 0 0 0 0 0 0 0 0 0 0 0 0 0 0 0 0 0 0 0 0 0 0 0 0 0 0 0 0 0 0
4 0 0 0 0 0 0 0 0 0 0 0 0 0 0 0 0 0 0 0 0 0 0 0 0 0 0 0 0 0 0 0 0 0 0 0 0 0 0 0 0 0 0
5 0 0 0 0 0 0 0 0 0 0 0 0 0 0 0 0 0 0 0 0 0 0 0 0 0 0 0 0 0 0 0 0 0 0 0 0 0 0 0 0 0 0
6 0 0 0 0 0 0 0 0 0 0 0 0 0 0 0 0 0 0 0 0 0 0 0 0 0 0 0 0 0 0 0 0 0 0 0 0 0 0 0 0 0 0
7 0 0 0 0 0 0 0 0 0 0 0 0 0 0 0 0 0 0 0 0 0 0 0 0 0 0 0 0 0 0 0 0 0 0 0 0 0 0 0 0 0 0
8 0 0 0 0 0 0 0 0 0 0 0 0 0 0 0 0 0 0 0 0 0 0 0 0 0 0 0 0 0 0 0 0 0 0 0 0 0 0 0 0 0 0
9 0 0 0 0 0 0 0 0 0 0 0 0 0 0 0 0 0 0 0 0 0 0 0 0 0 0 0 0 0 0 0 0 0 0 0 0 0 0 0 0 0 0
10 0 0 0 0 0 0 0 0 0 0 0 0 0 0 0 0 0 0 0 0 0 0 0 0 0 0 0 0 0 0 0 0 0 0 0 0 0 0 0 0 0 0
11 1 0 0 0 0 0 0 0 0 0 0 0 0 0 0 0 0 0 0 0 0 0 0 0 0 0 0 0 0 0 0 0 0 0 0 0 0 0 0 0 0 0
12 0.44185 0.42681 0.13134 1.2787e-11 0 0 0 0 0 0 0 0 0 0 0 0 0 0 0 0 0 0 0 0 0 0 0 0 0 0 0 0 0 0 0 0 0 0 0 0 0 0
13 0.19042 0.52344 0.28613 2.5635e-09 0 0 0 0 0 0 0 0 0 0 0 0 0 0 0 0 0 0 0 0 0 0 0 0 0 0 0 0 0 0 0 0 0 0 0 0 0 0
14 0.11854 0.51462 0.36684 3.238e-08 0 0 0 0 0 0 0 0 0 0 0 0 0 0 0 0 0 0 0 0 0 0 0 0 0 0 0 0 0 0 0 0 0 0 0 0 0 0
15 0.072126 0.41487 0.35048 1.4105e-07 0.16253 0 0 0 0 0 0 0 0 0 0 0 0 0 0 0 0 0 0 0 0 0 0 0 0 0 0 0 0 0 0 0 0 0 0 0 0 0
16 0.052401 0.36787 0.3516 4.3566e-07 0.17287 0.055243 1.2117e-05 0 0 0 0 0 0 0 0 0 0 0 0 0 0 0 0 0 0 0 0 0 0 0 0 0 0 0 0 0 0 0 0 0 0 0
17 0.044608 0.36473 0.38377 1.1545e-06 0.14789 0.057145 0.00029417 0.0015527 2.6002e-06 0 0 0 0 0 0 0 0 0 0 0 0 0 0 0 0 0 0 0 0 0 0 0 0 0 0 0 0 0 0 0 0 0
18 0.039563 0.3656 0.416 2.5921e-06 0.12075 0.049064 0.001051 0.0060441 0.00029585 0.0016322 5.6607e-07 0 0 0 0 0 0 0 0 0 0 0 0 0 0 0 0 0 0 0 0 0 0 0 0 0 0 0 0 0 0 0
19 0.035518 0.36333 0.44146 5.0876e-06 0.097255 0.040124 0.002144 0.0099305 0.0017281 0.0079336 8.2862e-05 0.00010298 0.00037898 0 0 0 0 0 0 0 0 0 0 0 0 0 0 0 0 0 0 0 0 0 0 0 0 0 0 0 0 0
20 0.032053 0.35751 0.45956 8.9999e-06 0.078284 0.03238 0.0033713 0.012448 0.004693 0.012705 0.00049772 0.0038922 0.0025969 9.9877e-07 0 0 0 0 0 0 0 0 0 0 0 0 0 0 0 0 0 0 0 0 0 0 0 0 0 0 0 0
21 0.028875 0.34715 0.46873 1.4609e-05 0.063002 0.025986 0.0045589 0.01371 0.0089639 0.015264 0.0013611 0.016763 0.0047782 4.2765e-05 0.00080438 2.3581e-06 0 0 0 0 0 0 0 0 0 0 0 0 0 0 0 0 0 0 0 0 0 0 0 0 0 0
22 0.025922 0.33291 0.4695 2.2106e-05 0.050757 0.020827 0.0055957 0.014031 0.014025 0.016144 0.0026049 0.038617 0.0062787 0.00024857 0.00245 3.0914e-05 3.2169e-05 4.1954e-08 0 0 0 0 0 0 0 0 0 0 0 0 0 0 0 0 0 0 0 0 0 0 0 0
23 0.023209 0.31612 0.46353 3.16e-05 0.041009 0.016721 0.0064318 0.013727 0.019348 0.015949 0.0040803 0.066222 0.0071016 0.00073297 0.0040195 8.5655e-05 0.0014357 1.0447e-05 0.0002356 1.0047e-07 0 0 0 0 0 0 0 0 0 0 0 0 0 0 0 0 0 0 0 0 0 0
24 0.020714 0.29746 0.45177 4.3057e-05 0.033216 0.013452 0.0070467 0.013026 0.024472 0.015111 0.0056265 0.095783 0.0073928 0.0015363 0.0051985 0.00015021 0.0065343 6.3729e-05 0.00086321 1.7752e-05 0.00026305 2.9225e-06 2.4283e-06 7.1602e-05 0.00015936 2.4299e-05 4.4509e-08 0 0 0 0 0 0 0 0 0 0 0 0 0 0 0
25 0.018356 0.27654 0.43366 5.6103e-05 0.026861 0.010804 0.007416 0.012047 0.028949 0.013874 0.0070802 0.12366 0.0072811 0.0026159 0.0059179 0.00021099 0.015616 0.00017385 0.0015018 9.3562e-05 0.00075384 3.694e-05 4.0483e-05 0.00052643 0.0019427 0.00035515 4.967e-05 0.0035744 3.6545e-06 1.0073e-07 4.5873e-08 1.2334e-10 0 0 0 0 0 0 0 0 0 0
26 0.016169 0.25451 0.411 7.0387e-05 0.021707 0.0086717 0.0075653 0.010933 0.032562 0.012462 0.008338 0.14755 0.0069086 0.0038822 0.0062358 0.00026051 0.027481 0.00033103 0.0019993 0.00023336 0.0012137 0.00012271 0.00015114 0.001182 0.0047238 0.00082583 0.00033605 0.012452 4.0663e-05 2.0431e-06 3.0577e-06 3.0378e-06 6.8368e-06 1.1725e-05 4.0616e-05 0 0 0 0 0 0 0
27 0.01425 0.23353 0.38745 8.5959e-05 0.017636 0.0069987 0.0075704 0.0098342 0.035412 0.011076 0.009392 0.16715 0.0064194 0.0052571 0.0062774 0.00029755 0.040711 0.00051751 0.002334 0.00041934 0.0015645 0.00025447 0.00033704 0.0018407 0.0075564 0.0012645 0.00095392 0.02274 0.00013598 9.2573e-06 1.6981e-05 2.1598e-05 9.4508e-05 0.00030028 0.00029198 1.7938e-07 1.5263e-07 6.4351e-06 2.5339e-10 0 0 0
28 0.01261 0.21448 0.36488 0.00010292 0.014451 0.0056983 0.0074875 0.0088208 0.037641 0.0098097 0.010262 0.18281 0.0058991 0.0066811 0.0061477 0.00032347 0.054195 0.0007169 0.0025314 0.00062978 0.0018018 0.00041657 0.0005813 0.0024102 0.010005 0.0016136 0.0018741 0.032256 0.00028974 2.4148e-05 4.7015e-05 6.1373e-05 0.00033984 0.0013052 0.00058434 2.2228e-06 2.8442e-06 9.4015e-05 3.6485e-07 0.000114 6.4165e-09 0
29 0.011104 0.19551 0.34044 0.00012011 0.011832 0.0046369 0.0072754 0.0078326 0.038964 0.0085985 0.010858 0.19303 0.0053352 0.008026 0.0058574 0.00033674 0.066498 0.00090743 0.002598 0.00083811 0.0019244 0.00058729 0.00085335 0.0028328 0.011814 0.001847 0.0029837 0.039732 0.00048412 4.692e-05 9.2871e-05 0.00011875 0.00074741 0.003173 0.00082902 8.5074e-06 1.1531e-05 0.00022336 3.0183e-06 0.0004883 1.8226e-06 0.010596
30 0.0099838 0.18154 0.32308 0.00014051 0.0099293 0.0038683 0.0071424 0.0070737 0.040461 0.0076656 0.011476 0.20322 0.0048866 0.009457 0.0056041 0.00034786 0.078808 0.0011029 0.0026299 0.0010521 0.0020035 0.0007684 0.0011538 0.0031808 0.013288 0.0020226 0.0042633 0.045981 0.00071416 7.8022e-05 0.0001544 0.00019093 0.0013064 0.0059173 0.0010265 2.071e-05 2.8031e-05 0.00035724 1.0059e-05 0.00092962 1.1036e-05 0.0071239
31 0.0090235 0.1691 0.30715 0.00016256 0.0084052 0.003256 0.0069865 0.0064025 0.041619 0.0068502 0.011978 0.21099 0.0044713 0.010847 0.0053222 0.0003534 0.090034 0.0012867 0.0026103 0.0012541 0.0020302 0.00094487 0.0014584 0.0034295 0.014329 0.0021308 0.0056083 0.050609 0.00096092 0.0001159 0.00022763 0.00027143 0.0019722 0.0093599 0.0011687 3.9244e-05 5.2199e-05 0.00047626 2.2504e-05 0.0013423 3.0781e-05 0.0053169
32 0.0082057 0.15819 0.29291 0.00018649 0.0071817 0.0027669 0.0068248 0.005817 0.042546 0.0061465 0.012392 0.21696 0.0040967 0.012194 0.0050361 0.00035509 0.10018 0.0014576 0.002559 0.001441 0.002022 0.0011125 0.0017582 0.0035991 0.015026 0.0021891 0.0069677 0.0539 0.0012141 0.00015927 0.00030941 0.0003559 0.002708 0.013322 0.0012651 6.3809e-05 8.3019e-05 0.00057498 4.0455e-05 0.0016933 6.1189e-05 0.0041204
33 0.0075071 0.14864 0.28025 0.00021244 0.0061916 0.002373 0.0066646 0.0053073 0.0433 0.0055402 0.012739 0.22156 0.0037623 0.013496 0.0047576 0.00035406 0.1093 0.0016151 0.0024885 0.0016117 0.0019906 0.0012688 0.0020473 0.0037069 0.015457 0.0022109 0.0083056 0.05612 0.0014661 0.00020686 0.00039691 0.00044111 0.0034826 0.017633 0.0013255 9.3693e-05 0.00011912 0.00065332 6.3441e-05 0.0019763 0.00010082 0.0032707
34 0.0069075 0.14026 0.26901 0.00024054 0.0053832 0.0020529 0.0065097 0.0048632 0.043924 0.0050172 0.013032 0.22508 0.0034649 0.014752 0.0044926 0.00035113 0.11745 0.0017594 0.0024071 0.0017662 0.0019446 0.001413 0.0023221 0.0037672 0.015684 0.0022067 0.0095988 0.057501 0.0017119 0.00025755 0.00048781 0.00052481 0.0042719 0.022153 0.0013586 0.00012802 0.00015915 0.00071338 9.0726e-05 0.002196 0.00014769 0.0026442
35 0.0063899 0.13288 0.25904 0.0002709 0.0047172 0.0017903 0.006362 0.0044751 0.044447 0.0045644 0.013281 0.22775 0.0032008 0.015962 0.0042441 0.00034689 0.12472 0.0018912 0.0023206 0.0019053 0.0018897 0.0015448 0.0025809 0.0037915 0.015759 0.0021843 0.010833 0.058238 0.0019483 0.00031038 0.00058027 0.00060556 0.0050582 0.02677 0.0013715 0.00016591 0.00020186 0.00075795 0.0001215 0.002361 0.0001998 0.0021702
36 0.0059403 0.12636 0.25016 0.00030364 0.0041637 0.001573 0.0062224 0.0041346 0.044893 0.0041709 0.013496 0.22976 0.0029659 0.017128 0.004013 0.00034178 0.13121 0.0020114 0.0022324 0.00203 0.0018299 0.0016649 0.0028232 0.0037889 0.015721 0.0021493 0.012002 0.058484 0.0021734 0.00036456 0.00067291 0.00068247 0.0058292 0.031398 0.0013697 0.00020654 0.00024623 0.00078978 0.00015497 0.0024806 0.00025537 0.0018042
37 0.0055474 0.12057 0.24223 0.00033885 0.0036998 0.0013916 0.0060911 0.0038348 0.045279 0.0038275 0.013683 0.23125 0.0027568 0.018253 0.0037991 0.0003361 0.137 0.002121 0.0021451 0.0021416 0.001768 0.0017738 0.003049 0.0037665 0.0156 0.0021059 0.013102 0.058362 0.0023864 0.00041947 0.00076471 0.00075509 0.0065766 0.035976 0.0013572 0.0002492 0.00029145 0.00081135 0.00019045 0.0025633 0.00031295 0.001517
38 0.0052022 0.11541 0.23514 0.00037665 0.0033079 0.0012389 0.005968 0.0035697 0.045616 0.0035264 0.013846 0.23233 0.0025701 0.019339 0.0036016 0.00033009 0.14217 0.0022209 0.0020601 0.0022415 0.0017057 0.0018725 0.003259 0.0037295 0.015419 0.0020574 0.014132 0.057965 0.0025869 0.00047463 0.00085494 0.00082324 0.0072953 0.04046 0.0013374 0.00029327 0.00033688 0.00082474 0.00022734 0.0026166 0.00037136 0.0012883
39 0.0048971 0.11079 0.22877 0.00041711 0.0029744 0.0011094 0.0058528 0.0033342 0.045916 0.0032611 0.01399 0.23307 0.002403 0.020388 0.0034195 0.0003239 0.1468 0.0023122 0.0019782 0.0023308 0.0016443 0.0019618 0.0034539 0.003682 0.015196 0.0020057 0.015096 0.057367 0.0027751 0.00052965 0.00094309 0.00088691 0.0079823 0.044821 0.0013125 0.00033826 0.00038204 0.00083169 0.00026512 0.0026467 0.00042973 0.001104
40 0.004626 0.10664 0.22304 0.00046035 0.0026885 0.00099879 0.0057449 0.003124 0.046185 0.0030264 0.014118 0.23355 0.0022529 0.021403 0.0032517 0.00031766 0.15095 0.0023956 0.0019 0.0024106 0.0015846 0.0020426 0.0036347 0.0036272 0.014944 0.0019525 0.015996 0.056623 0.0029513 0.00058426 0.0010288 0.00094623 0.0086362 0.049039 0.0012842 0.00038375 0.00042655 0.00083358 0.00030339 0.0026584 0.00048738 0.00095374
41 0.004384 0.10289 0.21786 0.00050644 0.0024418 0.0009037 0.005644 0.0029359 0.046429 0.0028178 0.014233 0.23382 0.0021177 0.022385 0.003097 0.00031144 0.15466 0.002472 0.0018256 0.0024821 0.0015269 0.0021158 0.0038024 0.0035674 0.014673 0.001899 0.016835 0.055777 0.0031162 0.00063822 0.0011119 0.0010014 0.0092567 0.053102 0.0012538 0.0004294 0.00047017 0.00083155 0.00034183 0.002656 0.00054384 0.00083002
42 0.0041668 0.099491 0.21316 0.00055548 0.0022277 0.00082143 0.0055495 0.0027666 0.046653 0.0026317 0.014337 0.23392 0.0019955 0.023336 0.0029542 0.00030531 0.15801 0.002542 0.0017552 0.0025461 0.0014717 0.002182 0.003958 0.0035044 0.014391 0.0018458 0.017617 0.05486 0.0032703 0.00069138 0.0011923 0.0010526 0.0098444 0.057005 0.0012222 0.00047495 0.00051271 0.00082649 0.00038016 0.0026425 0.00059877 0.00072721
43 0.0039712 0.0964 0.2089 0.00060756 0.0020408 0.00074983 0.0054609 0.0026138 0.04686 0.0024648 0.01443 0.23389 0.0018848 0.024259 0.0028222 0.00029929 0.16102 0.0026064 0.0016887 0.0026034 0.001419 0.0022419 0.0041024 0.0034396 0.014102 0.0017936 0.018346 0.053898 0.0034143 0.00074363 0.0012699 0.0011001 0.0104 0.060746 0.0011901 0.0005202 0.00055404 0.00081911 0.00041819 0.0026206 0.00065195 0.00064108
44 0.0037941 0.093579 0.20501 0.00066276 0.0018767 0.00068717 0.0053777 0.0024754 0.047054 0.0023148 0.014516 0.23374 0.0017841 0.025156 0.0027001 0.00029343 0.16373 0.0026656 0.001626 0.0026548 0.0013688 0.0022963 0.0042366 0.0033738 0.013811 0.0017427 0.019026 0.052909 0.003549 0.00079487 0.0013447 0.0011442 0.010925 0.064327 0.0011581 0.00056498 0.0005941 0.00080998 0.00045576 0.0025924 0.00070322 0.00056835
45 0.0036333 0.090995 0.20146 0.00072115 0.0017319 0.00063206 0.0052996 0.0023496 0.047235 0.0021793 0.014595 0.23351 0.0016923 0.026027 0.002587 0.00028773 0.16619 0.0027201 0.0015668 0.0027009 0.0013212 0.0023456 0.0043613 0.0033081 0.013521 0.0016933 0.01966 0.051908 0.0036748 0.00084507 0.0014167 0.0011851 0.01142 0.06775 0.0011264 0.00060916 0.00063283 0.00079955 0.00049274 0.0025593 0.00075251 0.00050651
46 0.0034866 0.088621 0.1982 0.00078283 0.0016036 0.00058335 0.0052261 0.0022349 0.047407 0.0020566 0.014667 0.23321 0.0016083 0.026874 0.0024819 0.00028221 0.16841 0.0027705 0.0015111 0.0027424 0.001276 0.0023904 0.0044773 0.0032427 0.013235 0.0016456 0.020253 0.050907 0.0037925 0.00089417 0.0014861 0.001223 0.011888 0.07102 0.0010953 0.00065266 0.00067022 0.00078818 0.00052905 0.0025228 0.0007998 0.00045359
47 0.0033525 0.086433 0.19522 0.00084786 0.0014894 0.0005401 0.0051569 0.0021299 0.04757 0.001945 0.014735 0.23284 0.0015313 0.027699 0.0023843 0.00027687 0.17042 0.0028172 0.0014585 0.0027796 0.0012332 0.0024311 0.0045854 0.0031783 0.012954 0.0015997 0.020806 0.049912 0.0039027 0.00094217 0.0015528 0.0012582 0.01233 0.074143 0.001065 0.00069539 0.00070628 0.00077614 0.00056463 0.0024837 0.00084507 0.00040801
48 0.0032293 0.084412 0.19247 0.00091632 0.0013872 0.00050155 0.0050916 0.0020336 0.047726 0.0018433 0.014797 0.23244 0.0014605 0.028503 0.0022933 0.00027172 0.17225 0.0028603 0.001409 0.0028131 0.0011927 0.0024681 0.0046862 0.003115 0.012678 0.0015556 0.021324 0.04893 0.0040059 0.00098906 0.001617 0.0012909 0.012747 0.077125 0.0010356 0.00073732 0.00074102 0.00076365 0.00059941 0.002443 0.00088837 0.00036855
49 0.0031159 0.082539 0.18993 0.00098829 0.0012956 0.00046704 0.0050298 0.0019449 0.047876 0.0017503 0.014856 0.232 0.0013953 0.029287 0.0022085 0.00026674 0.17391 0.0029004 0.0013622 0.0028432 0.0011543 0.0025018 0.0047803 0.0030532 0.01241 0.0015132 0.021808 0.047965 0.0041026 0.0010349 0.0016788 0.0013212 0.01314 0.079972 0.0010072 0.0007784 0.00077447 0.00075089 0.00063339 0.0024012 0.00092974 0.0003342
50 0.0030112 0.0808 0.18758 0.0010638 0.001213 0.00043604 0.0049714 0.0018632 0.04802 0.001665 0.01491 0.23152 0.001335 0.030053 0.0021292 0.00026194 0.17542 0.0029377 0.0013181 0.0028703 0.0011179 0.0025325 0.0048682 0.0029928 0.012149 0.0014726 0.022262 0.04702 0.0041933 0.0010795 0.0017382 0.0013494 0.013512 0.08269 0.0009797 0.00081862 0.00080667 0.000738 0.00066654 0.0023589 0.00096923 0.00030415
51 0.0029143 0.07918 0.18541 0.001143 0.0011384 0.00040809 0.0049161 0.0017875 0.048158 0.0015866 0.014962 0.23103 0.0012792 0.0308 0.002055 0.00025732 0.17679 0.0029723 0.0012765 0.0028947 0.0010834 0.0025605 0.0049504 0.0029341 0.011896 0.0014338 0.022687 0.046098 0.0042785 0.0011232 0.0017955 0.0013757 0.013863 0.085286 0.00095325 0.00085796 0.00083764 0.00072508 0.00069884 0.0023164 0.0010069 0.00027774
52 0.0028243 0.077669 0.18339 0.001226 0.0010708 0.0003828 0.0048636 0.0017174 0.048293 0.0015143 0.01501 0.23052 0.0012274 0.03153 0.0019855 0.00025286 0.17804 0.0030046 0.0012371 0.0029167 0.0010507 0.002586 0.0050274 0.0028771 0.01165 0.0013965 0.023086 0.045201 0.0043585 0.0011657 0.0018505 0.0014001 0.014196 0.087766 0.0009278 0.00089642 0.00086745 0.00071221 0.00073032 0.002274 0.0010429 0.00025443
53 0.0027406 0.076256 0.18152 0.0013127 0.0010092 0.00035985 0.0048137 0.0016523 0.048424 0.0014475 0.015056 0.23 0.0011793 0.032244 0.0019202 0.00024857 0.17919 0.0030347 0.0011998 0.0029364 0.0010197 0.0026092 0.0050995 0.0028218 0.011413 0.0013609 0.023461 0.044327 0.0044337 0.0012073 0.0019036 0.0014228 0.01451 0.090136 0.00090335 0.000934 0.00089612 0.00069947 0.00076096 0.0022319 0.0010772 0.00023377
54 0.0026625 0.074932 0.17978 0.0014032 0.00095309 0.00033897 0.0047662 0.0015916 0.04855 0.0013857 0.0151 0.22946 0.0011344 0.032943 0.0018588 0.00024443 0.18023 0.0030629 0.0011645 0.0029541 0.00099025 0.0026305 0.0051672 0.0027682 0.011183 0.0013268 0.023813 0.04348 0.0045045 0.0012478 0.0019547 0.001444 0.014808 0.092401 0.00087988 0.00097071 0.00092371 0.0006869 0.00079077 0.0021904 0.0011099 0.00021539
55 0.0025895 0.073688 0.17815 0.0014977 0.00090174 0.00031991 0.004721 0.001535 0.048674 0.0013282 0.015141 0.22892 0.0010925 0.033627 0.0018009 0.00024045 0.18118 0.0030892 0.0011311 0.0029701 0.00096228 0.0026498 0.0052308 0.0027162 0.010961 0.0012941 0.024145 0.042657 0.0045712 0.0012874 0.002004 0.0014637 0.015089 0.094568 0.00085734 0.0010066 0.00095026 0.00067453 0.00081979 0.0021495 0.0011411 0.00019899
56 0.0025211 0.072519 0.17663 0.0015961 0.00085464 0.00030246 0.0046779 0.0014821 0.048795 0.0012748 0.015181 0.22838 0.0010533 0.034297 0.0017464 0.0002366 0.18205 0.0031139 0.0010994 0.0029844 0.0009357 0.0026675 0.0052906 0.002666 0.010747 0.0012629 0.024457 0.04186 0.004634 0.001326 0.0020515 0.0014821 0.015356 0.096641 0.00083571 0.0010416 0.00097582 0.0006624 0.00084801 0.0021094 0.0011708 0.00018429
57 0.0024569 0.071417 0.17521 0.0016986 0.00081134 0.00028646 0.0046368 0.0014325 0.048912 0.0012251 0.015219 0.22783 0.0010166 0.034953 0.001695 0.0002329 0.18285 0.003137 0.0010692 0.0029972 0.00091041 0.0026836 0.0053468 0.0026173 0.010539 0.0012329 0.024751 0.041087 0.0046933 0.0013636 0.0020973 0.0014993 0.01561 0.098626 0.00081496 0.0010757 0.0010004 0.00065052 0.00087546 0.0020702 0.0011992 0.00017107
58 0.0023966 0.070378 0.17388 0.0018052 0.00077143 0.00027174 0.0045975 0.001386 0.049027 0.0011786 0.015255 0.22728 0.00098219 0.035596 0.0016463 0.00022932 0.18357 0.0031587 0.0010406 0.0030087 0.00088633 0.0026983 0.0053997 0.0025703 0.010339 0.0012043 0.025028 0.040339 0.0047492 0.0014004 0.0021415 0.0015154 0.01585 0.10053 0.00079505 0.0011091 0.0010241 0.00063892 0.00090216 0.0020318 0.0012263 0.00015916
59 0.0023398 0.069395 0.17264 0.0019159 0.00073457 0.00025818 0.0045598 0.0013423 0.04914 0.0011352 0.015289 0.22673 0.00094982 0.036227 0.0016002 0.00022587 0.18423 0.0031791 0.0010134 0.0030189 0.00086339 0.0027117 0.0054496 0.0025248 0.010146 0.0011768 0.02529 0.039615 0.0048021 0.0014363 0.0021842 0.0015304 0.016078 0.10235 0.00077594 0.0011417 0.0010469 0.00062759 0.00092813 0.0019944 0.0012522 0.00014839
60 0.0022862 0.068464 0.17146 0.0020308 0.00070045 0.00024564 0.0045237 0.0013012 0.04925 0.0010945 0.015322 0.22619 0.00091934 0.036847 0.0015566 0.00022254 0.18484 0.0031982 0.00098744 0.003028 0.00084151 0.002724 0.0054966 0.0024808 0.0099595 0.0011504 0.025537 0.038914 0.0048521 0.0014714 0.0022254 0.0015444 0.016295 0.10409 0.0007576 0.0011735 0.0010689 0.00061654 0.00095339 0.0019579 0.0012769 0.00013863
61 0.0022355 0.067582 0.17036 0.00215 0.00066881 0.00023404 0.0044891 0.0012624 0.049358 0.0010562 0.015354 0.22564 0.00089061 0.037454 0.0015151 0.00021932 0.18539 0.0032162 0.00096272 0.0030361 0.00082064 0.0027351 0.0055409 0.0024382 0.0097792 0.0011251 0.025771 0.038235 0.0048993 0.0015057 0.0022652 0.0015575 0.016501 0.10577 0.00074 0.0012045 0.0010901 0.00060578 0.00097796 0.0019223 0.0013004 0.00012976
62 0.0021876 0.066744 0.16933 0.0022735 0.0006394 0.00022328 0.0044559 0.0012258 0.049464 0.0010203 0.015385 0.2251 0.00086348 0.038051 0.0014758 0.00021621 0.1859 0.0032332 0.00093914 0.0030432 0.0008007 0.0027452 0.0055828 0.002397 0.0096051 0.0011008 0.025992 0.037578 0.0049441 0.0015392 0.0023037 0.0015697 0.016697 0.10738 0.00072309 0.0012349 0.0011105 0.00059531 0.0010019 0.0018877 0.001323 0.00012167
63 0.0021422 0.065948 0.16835 0.0024014 0.00061203 0.00021329 0.004424 0.0011912 0.049568 0.00098654 0.015414 0.22457 0.00083784 0.038637 0.0014383 0.0002132 0.18636 0.0032492 0.00091663 0.0030495 0.00078165 0.0027544 0.0056224 0.0023571 0.0094368 0.0010775 0.026201 0.036942 0.0049864 0.0015719 0.002341 0.0015812 0.016884 0.10892 0.00070684 0.0012645 0.0011303 0.00058511 0.0010251 0.0018541 0.0013445 0.00011428
64 0.0020991 0.06519 0.16743 0.0025337 0.0005865 0.00020398 0.0043933 0.0011584 0.04967 0.00095468 0.015443 0.22403 0.00081357 0.039213 0.0014027 0.0002103 0.18678 0.0032643 0.00089512 0.003055 0.00076342 0.0027628 0.0056598 0.0023185 0.0092741 0.0010551 0.026399 0.036326 0.0050266 0.0016039 0.002377 0.0015919 0.017061 0.1104 0.00069123 0.0012934 0.0011493 0.0005752 0.0010478 0.0018214 0.0013651 0.00010752
65 0.0020581 0.064468 0.16656 0.0026705 0.00056265 0.0001953 0.0043638 0.0011273 0.049771 0.00092461 0.01547 0.2235 0.00079057 0.039779 0.0013687 0.00020748 0.18716 0.0032785 0.00087455 0.0030597 0.00074598 0.0027703 0.0056952 0.0022812 0.0091168 0.0010336 0.026586 0.035729 0.0050646 0.0016352 0.0024119 0.001602 0.01723 0.11183 0.00067622 0.0013217 0.0011676 0.00056556 0.0010698 0.0017896 0.0013848 0.00010131
66 0.0020191 0.063779 0.16574 0.0028118 0.00054033 0.00018719 0.0043353 0.0010978 0.049869 0.00089618 0.015497 0.22298 0.00076875 0.040336 0.0013363 0.00020476 0.1875 0.0032919 0.00085487 0.0030638 0.00072927 0.0027772 0.0057287 0.002245 0.0089647 0.0010128 0.026764 0.035151 0.0051007 0.0016658 0.0024457 0.0016114 0.017392 0.1132 0.00066178 0.0013493 0.0011854 0.00055619 0.0010912 0.0017587 0.0014036 9.5606e-05
67 0.001982 0.06312 0.16497 0.0029577 0.00051942 0.00017961 0.0043079 0.0010698 0.049966 0.00086928 0.015522 0.22246 0.00074801 0.040883 0.0013054 0.00020212 0.18782 0.0033045 0.00083602 0.0030673 0.00071325 0.0027833 0.0057604 0.00221 0.0088176 0.0009929 0.026932 0.034591 0.005135 0.0016957 0.0024784 0.0016202 0.017545 0.11451 0.00064788 0.0013762 0.0012025 0.00054708 0.0011121 0.0017287 0.0014216 9.0351e-05
68 0.0019465 0.062491 0.16423 0.0031082 0.00049979 0.00017251 0.0042814 0.0010431 0.050061 0.00084379 0.015547 0.22195 0.0007283 0.041422 0.0012758 0.00019956 0.1881 0.0033165 0.00081794 0.0030702 0.00069789 0.0027889 0.0057905 0.002176 0.0086752 0.0009737 0.027092 0.034049 0.0051675 0.001725 0.0025101 0.0016284 0.017692 0.11578 0.0006345 0.0014026 0.001219 0.00053822 0.0011324 0.0016995 0.0014388 8.55e-05
69 0.0019127 0.061888 0.16353 0.0032633 0.00048135 0.00016584 0.0042558 0.0010177 0.050154 0.00081961 0.015571 0.22144 0.00070953 0.041951 0.0012475 0.00019709 0.18835 0.0033278 0.00080061 0.0030726 0.00068314 0.0027938 0.005819 0.0021431 0.0085373 0.0009552 0.027243 0.033523 0.0051984 0.0017536 0.0025409 0.0016361 0.017832 0.117 0.00062162 0.0014283 0.001235 0.00052962 0.0011522 0.0016712 0.0014553 8.1015e-05
70 0.0018804 0.061311 0.16287 0.0034232 0.00046399 0.00015957 0.004231 0.00099353 0.050246 0.00079665 0.015594 0.22094 0.00069165 0.042473 0.0012204 0.00019468 0.18858 0.0033385 0.00078397 0.0030746 0.00066897 0.0027982 0.0058459 0.0021112 0.0084037 0.00093737 0.027387 0.033013 0.0052277 0.0017817 0.0025707 0.0016434 0.017965 0.11818 0.0006092 0.0014535 0.0012505 0.00052125 0.0011715 0.0016437 0.0014711 7.6861e-05
71 0.0018494 0.060757 0.16225 0.0035878 0.00044763 0.00015368 0.0042071 0.00097043 0.050336 0.00077482 0.015616 0.22044 0.00067459 0.042986 0.0011945 0.00019235 0.18879 0.0033486 0.00076798 0.003076 0.00065536 0.0028021 0.0058715 0.0020803 0.0082744 0.00092017 0.027524 0.032518 0.0052556 0.0018091 0.0025996 0.0016501 0.018093 0.11931 0.00059723 0.0014782 0.0012654 0.00051312 0.0011903 0.0016169 0.0014863 7.3007e-05
72 0.0018198 0.060226 0.16165 0.0037571 0.00043219 0.00014813 0.0041839 0.00094836 0.050425 0.00075405 0.015638 0.21995 0.0006583 0.043492 0.0011696 0.00019008 0.18897 0.0033582 0.00075262 0.0030771 0.00064226 0.0028056 0.0058958 0.0020503 0.008149 0.00090358 0.027654 0.032038 0.0052822 0.001836 0.0026277 0.0016564 0.018214 0.1204 0.00058569 0.0015022 0.0012799 0.00050522 0.0012086 0.001591 0.0015008 6.9426e-05
73 0.0017914 0.059715 0.16109 0.0039313 0.00041761 0.00014289 0.0041614 0.00092726 0.050512 0.00073425 0.015659 0.21946 0.00064274 0.04399 0.0011457 0.00018788 0.18913 0.0033672 0.00073783 0.0030778 0.00062965 0.0028086 0.0059189 0.0020211 0.0080274 0.00088755 0.027777 0.031572 0.0053074 0.0018624 0.002655 0.0016623 0.018331 0.12145 0.00057454 0.0015258 0.0012939 0.00049753 0.0012265 0.0015657 0.0015147 6.6093e-05
74 0.0017641 0.059224 0.16055 0.0041104 0.00040382 0.00013795 0.0041396 0.00090706 0.050598 0.00071538 0.01568 0.21898 0.00062785 0.04448 0.0011227 0.00018574 0.18927 0.0033758 0.00072361 0.0030781 0.00061751 0.0028112 0.0059407 0.0019929 0.0079095 0.00087208 0.027894 0.03112 0.0053314 0.0018882 0.0026815 0.0016679 0.018442 0.12247 0.00056379 0.0015489 0.0013075 0.00049006 0.0012439 0.0015412 0.0015281 6.2986e-05
75 0.0017379 0.058751 0.16004 0.0042944 0.00039076 0.00013327 0.0041185 0.00088772 0.050682 0.00069737 0.0157 0.21851 0.0006136 0.044963 0.0011007 0.00018367 0.18939 0.0033839 0.0007099 0.0030781 0.00060582 0.0028135 0.0059615 0.0019654 0.007795 0.00085712 0.028006 0.03068 0.0053542 0.0019135 0.0027072 0.0016731 0.018549 0.12345 0.0005534 0.0015714 0.0013206 0.00048279 0.0012609 0.0015174 0.0015408 6.0086e-05
76 0.0017127 0.058296 0.15955 0.0044833 0.00037839 0.00012885 0.004098 0.00086918 0.050765 0.00068017 0.015719 0.21804 0.00059995 0.04544 0.0010795 0.00018165 0.1895 0.0033916 0.0006967 0.0030778 0.00059454 0.0028153 0.0059812 0.0019387 0.007684 0.00084266 0.028112 0.030253 0.005376 0.0019383 0.0027322 0.0016779 0.01865 0.12439 0.00054336 0.0015935 0.0013333 0.00047572 0.0012775 0.0014942 0.0015531 5.7376e-05
77 0.0016885 0.057856 0.15909 0.0046772 0.00036664 0.00012465 0.004078 0.00085139 0.050847 0.00066371 0.015738 0.21757 0.00058685 0.045909 0.001059 0.00017968 0.18959 0.0033988 0.00068396 0.0030773 0.00058365 0.0028169 0.0059999 0.0019128 0.0075761 0.00082867 0.028213 0.029838 0.0053967 0.0019626 0.0027565 0.0016824 0.018748 0.1253 0.00053365 0.0016151 0.0013456 0.00046884 0.0012936 0.0014717 0.0015649 5.4839e-05
78 0.0016652 0.057433 0.15864 0.004876 0.00035549 0.00012068 0.0040587 0.00083431 0.050927 0.00064797 0.015756 0.21711 0.00057429 0.046372 0.0010394 0.00017777 0.18966 0.0034057 0.00067167 0.0030764 0.00057315 0.0028181 0.0060176 0.0018876 0.0074714 0.00081513 0.028309 0.029435 0.0054164 0.0019864 0.0027802 0.0016866 0.018841 0.12618 0.00052426 0.0016362 0.0013576 0.00046215 0.0013094 0.0014498 0.0015762 5.2462e-05
79 0.0016427 0.057024 0.15822 0.00508 0.00034488 0.0001169 0.0040398 0.0008179 0.051006 0.0006329 0.015773 0.21666 0.00056223 0.046828 0.0010204 0.0001759 0.18972 0.0034122 0.00065981 0.0030753 0.00056301 0.0028191 0.0060345 0.001863 0.0073695 0.00080202 0.0284 0.029043 0.0054351 0.0020097 0.0028032 0.0016905 0.01893 0.12704 0.00051518 0.001657 0.0013691 0.00045563 0.0013248 0.0014284 0.001587 5.0232e-05
80 0.001621 0.056629 0.15782 0.005289 0.00033479 0.00011331 0.0040215 0.00080211 0.051084 0.00061845 0.015791 0.21621 0.00055064 0.047278 0.0010021 0.00017409 0.18977 0.0034183 0.00064835 0.003074 0.00055321 0.0028198 0.0060505 0.0018392 0.0072706 0.00078932 0.028486 0.028661 0.005453 0.0020327 0.0028256 0.0016942 0.019016 0.12786 0.00050639 0.0016772 0.0013804 0.00044928 0.0013398 0.0014077 0.0015975 4.8137e-05
81 0.0016001 0.056247 0.15743 0.0055031 0.00032518 0.0001099 0.0040036 0.00078693 0.051161 0.00060459 0.015807 0.21577 0.00053949 0.047722 0.00098448 0.00017232 0.1898 0.0034241 0.00063727 0.0030725 0.00054373 0.0028202 0.0060657 0.001816 0.0071743 0.00077701 0.028569 0.02829 0.00547 0.0020551 0.0028473 0.0016976 0.019097 0.12865 0.00049787 0.0016971 0.0013913 0.00044311 0.0013545 0.0013875 0.0016075 4.6166e-05
82 0.0015799 0.055877 0.15706 0.0057224 0.00031602 0.00010665 0.0039862 0.0007723 0.051236 0.00059129 0.015823 0.21533 0.00052876 0.04816 0.00096745 0.00017059 0.18982 0.0034296 0.00062656 0.0030708 0.00053456 0.0028204 0.0060801 0.0017934 0.0070807 0.00076507 0.028647 0.027928 0.0054862 0.0020772 0.0028685 0.0017007 0.019176 0.12942 0.00048962 0.0017166 0.0014018 0.00043709 0.0013688 0.0013678 0.0016171 4.4311e-05
83 0.0015604 0.055519 0.15671 0.0059468 0.00030728 0.00010356 0.0039692 0.00075821 0.05131 0.00057851 0.015839 0.21489 0.00051843 0.048591 0.00095099 0.00016891 0.18983 0.0034348 0.00061619 0.0030689 0.00052569 0.0028204 0.0060938 0.0017713 0.0069896 0.0007535 0.028722 0.027576 0.0055016 0.0020989 0.0028892 0.0017036 0.019251 0.13017 0.00048163 0.0017357 0.0014121 0.00043122 0.0013828 0.0013487 0.0016263 4.2563e-05
84 0.0015415 0.055173 0.15637 0.0061765 0.00029893 0.0001006 0.0039527 0.00074462 0.051382 0.00056623 0.015854 0.21446 0.00050848 0.049018 0.00093508 0.00016727 0.18983 0.0034397 0.00060616 0.0030668 0.0005171 0.0028202 0.0061068 0.0017499 0.0069009 0.00074226 0.028793 0.027233 0.0055163 0.0021201 0.0029093 0.0017063 0.019322 0.13088 0.00047387 0.0017544 0.001422 0.00042551 0.0013965 0.0013301 0.0016352 4.0913e-05
85 0.0015233 0.054837 0.15605 0.0064113 0.00029095 9.7786e-05 0.0039365 0.00073152 0.051454 0.00055441 0.015869 0.21403 0.00049888 0.049438 0.00091969 0.00016567 0.18982 0.0034444 0.00059645 0.0030646 0.00050878 0.0028198 0.0061192 0.001729 0.0068146 0.00073136 0.028861 0.026899 0.0055303 0.002141 0.0029289 0.0017088 0.019391 0.13158 0.00046635 0.0017727 0.0014317 0.00041994 0.0014099 0.0013119 0.0016437 3.9355e-05
86 0.0015056 0.054511 0.15574 0.0066515 0.00028332 9.5094e-05 0.0039208 0.00071886 0.051524 0.00054304 0.015884 0.21361 0.00048962 0.049853 0.0009048 0.00016411 0.18981 0.0034487 0.00058703 0.0030622 0.00050071 0.0028191 0.0061309 0.0017086 0.0067305 0.00072077 0.028925 0.026573 0.0055436 0.0021615 0.002948 0.0017111 0.019457 0.13225 0.00045905 0.0017906 0.0014411 0.00041451 0.0014229 0.0012942 0.0016519 3.7882e-05
87 0.0014885 0.054194 0.15544 0.0068969 0.00027602 9.2522e-05 0.0039053 0.00070664 0.051593 0.00053209 0.015898 0.21319 0.00048069 0.050263 0.00089039 0.00016258 0.18978 0.0034528 0.00057791 0.0030597 0.00049289 0.0028184 0.006142 0.0016887 0.0066485 0.00071048 0.028986 0.026256 0.0055562 0.0021816 0.0029666 0.0017133 0.01952 0.13291 0.00045197 0.0018083 0.0014502 0.00040921 0.0014357 0.001277 0.0016597 3.6489e-05
88 0.0014719 0.053887 0.15516 0.0071476 0.00026903 9.006e-05 0.0038903 0.00069482 0.051661 0.00052154 0.015911 0.21278 0.00047206 0.050667 0.00087642 0.00016109 0.18974 0.0034567 0.00056906 0.003057 0.00048531 0.0028174 0.0061525 0.0016693 0.0065686 0.00070047 0.029044 0.025946 0.0055683 0.0022013 0.0029847 0.0017152 0.019581 0.13354 0.00044508 0.0018255 0.0014591 0.00040405 0.0014482 0.0012601 0.0016673 3.5169e-05
89 0.0014558 0.053589 0.15489 0.0074036 0.00026232 8.7704e-05 0.0038756 0.0006834 0.051728 0.00051137 0.015924 0.21237 0.00046372 0.051067 0.00086289 0.00015963 0.1897 0.0034604 0.00056047 0.0030543 0.00047795 0.0028163 0.0061624 0.0016504 0.0064907 0.00069075 0.029099 0.025644 0.0055798 0.0022208 0.0030024 0.001717 0.019639 0.13415 0.0004384 0.0018425 0.0014677 0.00039901 0.0014604 0.0012437 0.0016746 3.3918e-05
90 0.0014402 0.053299 0.15462 0.007665 0.0002559 8.5447e-05 0.0038612 0.00067235 0.051794 0.00050155 0.015937 0.21196 0.00045565 0.051461 0.00084977 0.00015821 0.18965 0.0034638 0.00055214 0.0030514 0.0004708 0.0028151 0.0061719 0.001632 0.0064147 0.00068129 0.029151 0.025349 0.0055907 0.0022398 0.0030197 0.0017186 0.019694 0.13474 0.0004319 0.0018591 0.001476 0.00039409 0.0014723 0.0012278 0.0016816 3.2731e-05
91 0.001425 0.053017 0.15437 0.0079318 0.00024973 8.3283e-05 0.0038471 0.00066165 0.051858 0.00049208 0.01595 0.21156 0.00044785 0.05185 0.00083704 0.00015681 0.18959 0.003467 0.00054404 0.0030484 0.00046386 0.0028137 0.0061808 0.001614 0.0063405 0.00067209 0.0292 0.025061 0.005601 0.0022586 0.0030365 0.00172 0.019748 0.13531 0.00042558 0.0018754 0.0014842 0.00038928 0.0014839 0.0012121 0.0016883 3.1604e-05
92 0.0014103 0.052742 0.15413 0.008204 0.0002438 8.1208e-05 0.0038333 0.00065128 0.051922 0.00048293 0.015962 0.21116 0.0004403 0.052235 0.00082469 0.00015545 0.18952 0.0034701 0.00053618 0.0030453 0.00045712 0.0028122 0.0061892 0.0015964 0.0062681 0.00066313 0.029247 0.02478 0.0056109 0.002277 0.0030529 0.0017214 0.019799 0.13587 0.00041944 0.0018914 0.0014921 0.00038459 0.0014954 0.0011969 0.0016947 3.0533e-05
93 0.001396 0.052475 0.1539 0.0084816 0.00023811 7.9216e-05 0.0038197 0.00064124 0.051984 0.00047408 0.015974 0.21077 0.00043299 0.052614 0.00081269 0.00015412 0.18945 0.0034729 0.00052854 0.0030421 0.00045057 0.0028105 0.0061972 0.0015792 0.0061975 0.0006544 0.029292 0.024505 0.0056202 0.0022951 0.0030689 0.0017225 0.019847 0.1364 0.00041346 0.001907 0.0014998 0.00038001 0.0015065 0.001182 0.0017009 2.9514e-05
94 0.001382 0.052215 0.15367 0.0087646 0.00023263 7.7302e-05 0.0038065 0.0006315 0.052046 0.00046553 0.015985 0.21038 0.00042591 0.052989 0.00080105 0.00015281 0.18937 0.0034755 0.00052111 0.0030388 0.00044419 0.0028088 0.0062047 0.0015624 0.0061285 0.00064591 0.029334 0.024237 0.0056291 0.0023129 0.0030845 0.0017236 0.019894 0.13692 0.00040765 0.0019224 0.0015072 0.00037554 0.0015174 0.0011675 0.0017069 2.8544e-05
95 0.0013685 0.051961 0.15346 0.0090531 0.00022736 7.5463e-05 0.0037935 0.00062206 0.052106 0.00045726 0.015996 0.20999 0.00041905 0.05336 0.00078973 0.00015154 0.18929 0.003478 0.00051389 0.0030355 0.00043799 0.0028069 0.0062118 0.0015459 0.0060611 0.00063763 0.029374 0.023975 0.0056375 0.0023303 0.0030998 0.0017245 0.019939 0.13743 0.00040198 0.0019376 0.0015145 0.00037116 0.0015281 0.0011533 0.0017126 2.7621e-05
96 0.0013553 0.051713 0.15325 0.0093471 0.00022229 7.3695e-05 0.0037808 0.0006129 0.052165 0.00044926 0.016007 0.20961 0.00041239 0.053726 0.00077872 0.00015029 0.1892 0.0034803 0.00050686 0.003032 0.00043196 0.0028049 0.0062184 0.0015299 0.0059953 0.00062956 0.029412 0.023719 0.0056455 0.0023475 0.0031147 0.0017253 0.019982 0.13792 0.00039647 0.0019524 0.0015216 0.00036689 0.0015386 0.0011395 0.0017181 2.674e-05
97 0.0013425 0.051472 0.15305 0.0096466 0.00021741 7.1994e-05 0.0037683 0.000604 0.052223 0.00044151 0.016017 0.20923 0.00040594 0.054088 0.00076802 0.00014906 0.1891 0.0034824 0.00050001 0.0030285 0.00042609 0.0028029 0.0062247 0.0015142 0.0059309 0.00062169 0.029448 0.023468 0.0056531 0.0023644 0.0031292 0.001726 0.020023 0.13839 0.00039109 0.001967 0.0015284 0.00036271 0.0015488 0.001126 0.0017234 2.5901e-05
98 0.00133 0.051237 0.15285 0.0099516 0.0002127 7.0356e-05 0.003756 0.00059536 0.05228 0.000434 0.016027 0.20885 0.00039967 0.054445 0.00075761 0.00014786 0.189 0.0034844 0.00049335 0.003025 0.00042037 0.0028007 0.0062306 0.0014988 0.005868 0.00061401 0.029481 0.023223 0.0056602 0.0023811 0.0031434 0.0017266 0.020062 0.13885 0.00038586 0.0019812 0.0015351 0.00035862 0.0015589 0.0011127 0.0017285 2.5099e-05
99 0.0013178 0.051007 0.15267 0.010262 0.00020816 6.8778e-05 0.003744 0.00058697 0.052336 0.00042673 0.016037 0.20847 0.00039359 0.054798 0.00074748 0.00014668 0.1889 0.0034862 0.00048686 0.0030213 0.0004148 0.0027985 0.0062362 0.0014838 0.0058065 0.00060653 0.029513 0.022984 0.005667 0.0023974 0.0031573 0.0017271 0.020099 0.1393 0.00038075 0.0019953 0.0015416 0.00035463 0.0015687 0.0010998 0.0017334 2.4334e-05
100 0.001306 0.050782 0.15249 0.010578 0.00020379 6.7258e-05 0.0037321 0.00057881 0.052391 0.00041967 0.016046 0.2081 0.00038768 0.055147 0.00073762 0.00014553 0.18879 0.0034879 0.00048054 0.0030176 0.00040937 0.0027961 0.0062413 0.0014691 0.0057463 0.00059922 0.029543 0.022749 0.0056734 0.0024135 0.0031708 0.0017274 0.020135 0.13973 0.00037578 0.0020091 0.001548 0.00035072 0.0015783 0.0010872 0.0017381 2.3602e-05
101 0.0012944 0.050563 0.15231 0.0109 0.00019956 6.5792e-05 0.0037205 0.00057088 0.052445 0.00041283 0.016055 0.20773 0.00038194 0.055492 0.00072801 0.0001444 0.18868 0.0034894 0.00047438 0.0030139 0.00040408 0.0027937 0.0062462 0.0014547 0.0056874 0.00059209 0.029571 0.022519 0.0056794 0.0024293 0.003184 0.0017277 0.020169 0.14015 0.00037092 0.0020226 0.0015541 0.00034689 0.0015877 0.0010748 0.0017426 2.2903e-05
102 0.0012831 0.050348 0.15214 0.011227 0.00019548 6.4378e-05 0.0037091 0.00056316 0.052498 0.00040619 0.016064 0.20737 0.00037636 0.055833 0.00071865 0.00014329 0.18856 0.0034908 0.00046837 0.0030101 0.00039893 0.0027913 0.0062507 0.0014406 0.0056298 0.00058512 0.029598 0.022295 0.0056851 0.0024449 0.0031969 0.0017279 0.020202 0.14055 0.00036619 0.0020359 0.0015601 0.00034315 0.0015969 0.0010627 0.001747 2.2233e-05
103 0.0012721 0.050138 0.15198 0.01156 0.00019154 6.3013e-05 0.0036978 0.00055565 0.05255 0.00039975 0.016073 0.207 0.00037093 0.05617 0.00070953 0.0001422 0.18844 0.0034921 0.00046251 0.0030062 0.00039389 0.0027887 0.0062549 0.0014267 0.0055733 0.00057832 0.029622 0.022074 0.0056904 0.0024602 0.0032095 0.001728 0.020233 0.14094 0.00036157 0.002049 0.001566 0.00033948 0.0016059 0.0010509 0.0017511 2.1592e-05
104 0.0012613 0.049933 0.15182 0.011898 0.00018773 6.1695e-05 0.0036868 0.00054833 0.052601 0.00039349 0.016081 0.20664 0.00036566 0.056502 0.00070064 0.00014113 0.18831 0.0034932 0.00045679 0.0030023 0.00038899 0.0027861 0.0062588 0.0014132 0.0055181 0.00057167 0.029646 0.021859 0.0056955 0.0024752 0.0032218 0.001728 0.020263 0.14133 0.00035705 0.0020618 0.0015716 0.00033589 0.0016148 0.0010393 0.0017551 2.0978e-05
105 0.0012508 0.049732 0.15167 0.012243 0.00018404 6.0422e-05 0.0036759 0.00054121 0.052651 0.00038741 0.016089 0.20628 0.00036052 0.056832 0.00069196 0.00014008 0.18818 0.0034942 0.00045121 0.0029984 0.0003842 0.0027834 0.0062624 0.0014 0.005464 0.00056517 0.029667 0.021648 0.0057002 0.00249 0.0032339 0.0017279 0.020292 0.14169 0.00035265 0.0020744 0.0015772 0.00033238 0.0016234 0.0010279 0.0017589 2.0389e-05
106 0.0012406 0.049536 0.15152 0.012592 0.00018047 5.9191e-05 0.0036652 0.00053428 0.052701 0.0003815 0.016097 0.20593 0.00035552 0.057157 0.0006835 0.00013906 0.18805 0.0034951 0.00044577 0.0029944 0.00037952 0.0027806 0.0062657 0.001387 0.005411 0.00055882 0.029687 0.021441 0.0057046 0.0025046 0.0032457 0.0017278 0.020319 0.14205 0.00034834 0.0020868 0.0015826 0.00032893 0.0016319 0.0010168 0.0017626 1.9825e-05
107 0.0012305 0.049343 0.15138 0.012948 0.00017702 5.8001e-05 0.0036547 0.00052752 0.052749 0.00037575 0.016104 0.20557 0.00035065 0.057479 0.00067525 0.00013804 0.18792 0.0034959 0.00044045 0.0029903 0.00037495 0.0027778 0.0062687 0.0013742 0.0053591 0.00055261 0.029706 0.021238 0.0057087 0.002519 0.0032571 0.0017276 0.020344 0.1424 0.00034414 0.0020989 0.0015878 0.00032556 0.0016402 0.001006 0.0017661 1.9283e-05
108 0.0012207 0.049154 0.15124 0.013309 0.00017368 5.685e-05 0.0036443 0.00052092 0.052796 0.00037017 0.016111 0.20522 0.0003459 0.057797 0.00066719 0.00013705 0.18778 0.0034966 0.00043526 0.0029863 0.00037049 0.002775 0.0062715 0.0013617 0.0053082 0.00054654 0.029723 0.021039 0.0057125 0.0025331 0.0032684 0.0017273 0.020369 0.14274 0.00034003 0.0021109 0.0015929 0.00032225 0.0016484 0.00099531 0.0017695 1.8762e-05
109 0.0012111 0.048969 0.1511 0.013675 0.00017045 5.5737e-05 0.0036341 0.0005145 0.052842 0.00036473 0.016118 0.20487 0.00034128 0.058111 0.00065932 0.00013608 0.18763 0.0034972 0.00043018 0.0029822 0.00036613 0.0027721 0.006274 0.0013495 0.0052583 0.0005406 0.029739 0.020844 0.0057161 0.002547 0.0032794 0.0017269 0.020392 0.14306 0.00033601 0.0021227 0.0015979 0.00031901 0.0016564 0.00098487 0.0017727 1.8263e-05
110 0.0012018 0.048788 0.15097 0.014048 0.00016731 5.4658e-05 0.003624 0.00050823 0.052888 0.00035944 0.016124 0.20453 0.00033677 0.058422 0.00065163 0.00013512 0.18749 0.0034976 0.00042522 0.002978 0.00036187 0.0027691 0.0062763 0.0013374 0.0052094 0.00053478 0.029754 0.020653 0.0057194 0.0025607 0.0032901 0.0017265 0.020415 0.14338 0.00033209 0.0021342 0.0016027 0.00031583 0.0016642 0.00097465 0.0017758 1.7782e-05
111 0.0011926 0.04861 0.15085 0.014426 0.00016427 5.3614e-05 0.0036141 0.00050211 0.052932 0.00035429 0.016131 0.20418 0.00033238 0.058729 0.00064412 0.00013418 0.18734 0.003498 0.00042038 0.0029739 0.00035771 0.0027661 0.0062783 0.0013257 0.0051614 0.00052909 0.029767 0.020465 0.0057224 0.0025742 0.0033006 0.001726 0.020436 0.14368 0.00032825 0.0021455 0.0016074 0.00031272 0.0016718 0.00096462 0.0017788 1.732e-05
112 0.0011836 0.048436 0.15072 0.014809 0.00016132 5.2602e-05 0.0036043 0.00049614 0.052975 0.00034927 0.016137 0.20384 0.00032809 0.059033 0.00063678 0.00013325 0.18719 0.0034982 0.00041563 0.0029697 0.00035364 0.002763 0.0062801 0.0013141 0.0051144 0.00052352 0.02978 0.020281 0.0057252 0.0025874 0.0033108 0.0017255 0.020456 0.14398 0.00032449 0.0021567 0.001612 0.00030966 0.0016793 0.0009548 0.0017816 1.6876e-05
113 0.0011748 0.048264 0.1506 0.015199 0.00015846 5.1621e-05 0.0035947 0.00049031 0.053018 0.00034438 0.016143 0.2035 0.00032391 0.059333 0.00062961 0.00013234 0.18704 0.0034984 0.000411 0.0029655 0.00034966 0.0027599 0.0062817 0.0013027 0.0050682 0.00051807 0.029791 0.0201 0.0057278 0.0026005 0.0033209 0.0017249 0.020474 0.14427 0.00032082 0.0021677 0.0016165 0.00030666 0.0016867 0.00094516 0.0017843 1.6448e-05
114 0.0011662 0.048096 0.15048 0.015594 0.00015569 5.067e-05 0.0035851 0.00048461 0.05306 0.00033962 0.016148 0.20316 0.00031983 0.059631 0.00062259 0.00013144 0.18688 0.0034985 0.00040646 0.0029612 0.00034576 0.0027568 0.006283 0.0012916 0.0050229 0.00051272 0.029801 0.019923 0.0057301 0.0026133 0.0033306 0.0017242 0.020492 0.14455 0.00031722 0.0021784 0.0016208 0.00030372 0.0016939 0.00093572 0.0017869 1.6036e-05
115 0.0011577 0.047931 0.15037 0.015995 0.00015299 4.9747e-05 0.0035757 0.00047905 0.053101 0.00033497 0.016153 0.20282 0.00031585 0.059924 0.00061573 0.00013056 0.18672 0.0034985 0.00040202 0.002957 0.00034195 0.0027536 0.0062842 0.0012806 0.0049785 0.00050749 0.029809 0.019749 0.0057322 0.002626 0.0033402 0.0017235 0.020509 0.14482 0.0003137 0.002189 0.001625 0.00030084 0.001701 0.00092645 0.0017894 1.5639e-05
116 0.0011494 0.047769 0.15026 0.016401 0.00015037 4.8852e-05 0.0035665 0.00047361 0.053141 0.00033045 0.016158 0.20249 0.00031196 0.060215 0.00060902 0.0001297 0.18656 0.0034984 0.00039768 0.0029527 0.00033822 0.0027504 0.0062851 0.0012698 0.0049348 0.00050235 0.029817 0.019578 0.0057341 0.0026384 0.0033496 0.0017227 0.020525 0.14508 0.00031025 0.0021995 0.0016291 0.000298 0.0017079 0.00091736 0.0017918 1.5256e-05
117 0.0011413 0.047609 0.15015 0.016814 0.00014783 4.7982e-05 0.0035573 0.0004683 0.05318 0.00032603 0.016163 0.20216 0.00030816 0.060502 0.00060245 0.00012884 0.1864 0.0034982 0.00039343 0.0029484 0.00033456 0.0027471 0.0062859 0.0012593 0.0048919 0.00049733 0.029824 0.01941 0.0057358 0.0026507 0.0033587 0.0017219 0.02054 0.14533 0.00030687 0.0022097 0.0016331 0.00029522 0.0017147 0.00090844 0.001794 1.4888e-05
118 0.0011333 0.047452 0.15004 0.017231 0.00014536 4.7139e-05 0.0035483 0.0004631 0.053218 0.00032172 0.016168 0.20183 0.00030444 0.060787 0.00059602 0.00012801 0.18623 0.0034979 0.00038926 0.002944 0.00033099 0.0027439 0.0062864 0.0012489 0.0048498 0.0004924 0.029829 0.019245 0.0057373 0.0026628 0.0033677 0.0017211 0.020554 0.14557 0.00030356 0.0022198 0.001637 0.00029249 0.0017214 0.00089968 0.0017962 1.4532e-05
119 0.0011255 0.047298 0.14994 0.017655 0.00014295 4.6319e-05 0.0035393 0.00045802 0.053255 0.00031752 0.016172 0.2015 0.00030081 0.061068 0.00058973 0.00012718 0.18607 0.0034975 0.00038518 0.0029397 0.00032748 0.0027405 0.0062868 0.0012387 0.0048085 0.00048756 0.029834 0.019083 0.0057386 0.0026747 0.0033764 0.0017201 0.020567 0.14581 0.00030032 0.0022297 0.0016408 0.00028981 0.0017279 0.00089109 0.0017982 1.4188e-05
120 0.0011179 0.047147 0.14983 0.018085 0.00014062 4.5522e-05 0.0035305 0.00045304 0.053292 0.00031341 0.016176 0.20117 0.00029727 0.061345 0.00058357 0.00012637 0.1859 0.0034971 0.00038119 0.0029353 0.00032405 0.0027372 0.0062869 0.0012286 0.0047679 0.00048282 0.029838 0.018923 0.0057397 0.0026864 0.003385 0.0017192 0.020579 0.14604 0.00029715 0.0022394 0.0016445 0.00028718 0.0017343 0.00088265 0.0018002 1.3857e-05
121 0.0011103 0.046997 0.14973 0.01852 0.00013834 4.4748e-05 0.0035218 0.00044818 0.053327 0.0003094 0.01618 0.20084 0.0002938 0.06162 0.00057753 0.00012556 0.18572 0.0034966 0.00037727 0.0029309 0.00032069 0.0027338 0.0062869 0.0012188 0.004728 0.00047817 0.02984 0.018767 0.0057406 0.002698 0.0033933 0.0017182 0.020591 0.14626 0.00029404 0.002249 0.0016481 0.00028459 0.0017406 0.00087436 0.001802 1.3537e-05
122 0.001103 0.046851 0.14964 0.018961 0.00013613 4.3995e-05 0.0035132 0.00044342 0.053362 0.00030549 0.016184 0.20052 0.00029041 0.061892 0.00057161 0.00012478 0.18555 0.003496 0.00037343 0.0029265 0.00031739 0.0027304 0.0062868 0.0012091 0.0046887 0.00047361 0.029842 0.018613 0.0057413 0.0027093 0.0034015 0.0017171 0.020602 0.14647 0.00029098 0.0022584 0.0016516 0.00028205 0.0017467 0.00086623 0.0018038 1.3227e-05
123 0.0010957 0.046706 0.14954 0.019407 0.00013398 4.3263e-05 0.0035046 0.00043875 0.053396 0.00030166 0.016187 0.20019 0.00028709 0.062161 0.00056582 0.000124 0.18538 0.0034954 0.00036967 0.0029221 0.00031416 0.0027269 0.0062864 0.0011996 0.0046502 0.00046913 0.029843 0.018461 0.0057418 0.0027205 0.0034094 0.0017161 0.020611 0.14668 0.00028799 0.0022676 0.001655 0.00027955 0.0017528 0.00085823 0.0018054 1.2928e-05
124 0.0010886 0.046564 0.14945 0.01986 0.00013188 4.2551e-05 0.0034962 0.00043419 0.053429 0.00029792 0.01619 0.19987 0.00028384 0.062427 0.00056014 0.00012323 0.1852 0.0034947 0.00036598 0.0029177 0.00031099 0.0027235 0.0062859 0.0011902 0.0046122 0.00046473 0.029844 0.018313 0.0057422 0.0027315 0.0034172 0.0017149 0.02062 0.14688 0.00028506 0.0022767 0.0016583 0.00027709 0.0017587 0.00085038 0.001807 1.2639e-05
125 0.0010816 0.046424 0.14935 0.020318 0.00012984 4.1858e-05 0.0034879 0.00042972 0.053461 0.00029427 0.016193 0.19955 0.00028066 0.06269 0.00055457 0.00012248 0.18502 0.0034939 0.00036236 0.0029133 0.00030788 0.00272 0.0062853 0.0011809 0.004575 0.00046042 0.029843 0.018166 0.0057424 0.0027424 0.0034249 0.0017138 0.020629 0.14707 0.00028218 0.0022857 0.0016615 0.00027468 0.0017645 0.00084266 0.0018085 1.236e-05
126 0.0010747 0.046286 0.14926 0.020782 0.00012785 4.1183e-05 0.0034796 0.00042534 0.053493 0.00029069 0.016196 0.19923 0.00027755 0.06295 0.0005491 0.00012174 0.18484 0.003493 0.00035881 0.0029088 0.00030483 0.0027165 0.0062845 0.0011719 0.0045383 0.00045618 0.029841 0.018022 0.0057424 0.0027531 0.0034323 0.0017126 0.020636 0.14726 0.00027935 0.0022945 0.0016647 0.0002723 0.0017702 0.00083508 0.0018099 1.2089e-05
127 0.001068 0.04615 0.14917 0.021251 0.00012591 4.0526e-05 0.0034714 0.00042104 0.053523 0.0002872 0.016198 0.19891 0.0002745 0.063208 0.00054375 0.000121 0.18466 0.0034921 0.00035533 0.0029043 0.00030184 0.0027129 0.0062835 0.0011629 0.0045022 0.00045202 0.029839 0.017881 0.0057423 0.0027636 0.0034396 0.0017113 0.020643 0.14744 0.00027658 0.0023031 0.0016677 0.00026997 0.0017757 0.00082763 0.0018112 1.1827e-05
128 0.0010613 0.046015 0.14909 0.021727 0.00012402 3.9886e-05 0.0034634 0.00041683 0.053553 0.00028378 0.016201 0.1986 0.00027152 0.063462 0.00053849 0.00012028 0.18447 0.0034911 0.00035191 0.0028999 0.00029891 0.0027094 0.0062824 0.0011541 0.0044667 0.00044793 0.029836 0.017741 0.005742 0.002774 0.0034467 0.0017101 0.020649 0.14761 0.00027386 0.0023116 0.0016707 0.00026768 0.0017812 0.0008203 0.0018124 1.1574e-05
129 0.0010548 0.045883 0.149 0.022208 0.00012218 3.9262e-05 0.0034554 0.00041271 0.053582 0.00028043 0.016203 0.19828 0.00026859 0.063714 0.00053334 0.00011957 0.18429 0.00349 0.00034856 0.0028954 0.00029602 0.0027058 0.0062812 0.0011455 0.0044318 0.00044392 0.029832 0.017604 0.0057416 0.0027842 0.0034536 0.0017088 0.020655 0.14778 0.00027119 0.00232 0.0016735 0.00026542 0.0017865 0.00081309 0.0018136 1.1328e-05
130 0.0010484 0.045753 0.14892 0.022695 0.00012038 3.8654e-05 0.0034474 0.00040866 0.05361 0.00027716 0.016205 0.19797 0.00026573 0.063963 0.00052828 0.00011886 0.1841 0.0034889 0.00034526 0.0028909 0.0002932 0.0027022 0.0062798 0.001137 0.0043975 0.00043997 0.029828 0.017469 0.005741 0.0027943 0.0034604 0.0017074 0.02066 0.14794 0.00026857 0.0023282 0.0016763 0.0002632 0.0017918 0.00080601 0.0018146 1.109e-05
131 0.0010421 0.045624 0.14883 0.023187 0.00011863 3.8062e-05 0.0034396 0.0004047 0.053638 0.00027396 0.016206 0.19766 0.00026292 0.064209 0.00052331 0.00011817 0.18391 0.0034878 0.00034203 0.0028864 0.00029042 0.0026986 0.0062782 0.0011286 0.0043636 0.00043609 0.029823 0.017336 0.0057403 0.0028042 0.0034671 0.0017061 0.020664 0.1481 0.000266 0.0023363 0.001679 0.00026101 0.0017969 0.00079904 0.0018156 1.086e-05
132 0.0010359 0.045497 0.14875 0.023686 0.00011692 3.7484e-05 0.0034318 0.0004008 0.053665 0.00027082 0.016208 0.19734 0.00026017 0.064453 0.00051843 0.00011749 0.18372 0.0034865 0.00033886 0.0028818 0.00028769 0.0026949 0.0062766 0.0011203 0.0043303 0.00043228 0.029817 0.017205 0.0057394 0.002814 0.0034735 0.0017047 0.020667 0.14825 0.00026347 0.0023443 0.0016817 0.00025886 0.001802 0.00079218 0.0018166 1.0636e-05
133 0.0010298 0.045372 0.14867 0.02419 0.00011525 3.6921e-05 0.0034241 0.00039698 0.05369 0.00026775 0.016209 0.19703 0.00025747 0.064694 0.00051365 0.00011681 0.18353 0.0034853 0.00033574 0.0028773 0.00028502 0.0026913 0.0062748 0.0011122 0.0042976 0.00042853 0.02981 0.017076 0.0057384 0.0028236 0.0034799 0.0017032 0.02067 0.14839 0.00026098 0.0023521 0.0016842 0.00025674 0.0018069 0.00078544 0.0018174 1.0419e-05
134 0.0010238 0.045248 0.14859 0.024699 0.00011362 3.6371e-05 0.0034165 0.00039324 0.053716 0.00026474 0.01621 0.19672 0.00025482 0.064932 0.00050894 0.00011615 0.18334 0.0034839 0.00033267 0.0028728 0.00028239 0.0026876 0.0062729 0.0011041 0.0042653 0.00042485 0.029803 0.016949 0.0057373 0.002833 0.003486 0.0017018 0.020673 0.14853 0.00025854 0.0023598 0.0016867 0.00025466 0.0018118 0.00077881 0.0018182 1.0209e-05
135 0.0010178 0.045126 0.14851 0.025215 0.00011202 3.5835e-05 0.0034089 0.00038956 0.05374 0.00026179 0.016211 0.19641 0.00025222 0.065168 0.00050432 0.00011549 0.18314 0.0034825 0.00032966 0.0028683 0.0002798 0.0026839 0.0062709 0.0010962 0.0042335 0.00042123 0.029795 0.016824 0.0057361 0.0028424 0.0034921 0.0017003 0.020675 0.14866 0.00025614 0.0023674 0.0016891 0.00025261 0.0018165 0.00077228 0.001819 1.0005e-05
136 0.001012 0.045005 0.14843 0.025736 0.00011047 3.5311e-05 0.0034014 0.00038595 0.053763 0.0002589 0.016211 0.19611 0.00024968 0.065401 0.00049979 0.00011484 0.18295 0.0034811 0.0003267 0.0028637 0.00027726 0.0026802 0.0062687 0.0010884 0.0042022 0.00041766 0.029787 0.016701 0.0057347 0.0028516 0.0034979 0.0016988 0.020676 0.14879 0.00025379 0.0023748 0.0016915 0.00025059 0.0018212 0.00076585 0.0018196 9.8064e-06
137 0.0010063 0.044886 0.14835 0.026263 0.00010895 3.48e-05 0.003394 0.0003824 0.053786 0.00025607 0.016212 0.1958 0.00024718 0.065632 0.00049533 0.0001142 0.18275 0.0034796 0.0003238 0.0028592 0.00027476 0.0026765 0.0062664 0.0010808 0.0041713 0.00041416 0.029778 0.01658 0.0057332 0.0028606 0.0035037 0.0016973 0.020676 0.14891 0.00025147 0.0023821 0.0016937 0.0002486 0.0018257 0.00075952 0.0018202 9.614e-06
138 0.0010006 0.044768 0.14828 0.026795 0.00010746 3.4301e-05 0.0033866 0.00037892 0.053808 0.00025329 0.016212 0.19549 0.00024473 0.06586 0.00049095 0.00011357 0.18255 0.003478 0.00032094 0.0028546 0.00027231 0.0026727 0.006264 0.0010732 0.0041409 0.00041071 0.029768 0.01646 0.0057316 0.0028695 0.0035093 0.0016957 0.020677 0.14903 0.00024919 0.0023893 0.0016959 0.00024664 0.0018302 0.00075329 0.0018207 9.4271e-06
139 0.00099502 0.044652 0.1482 0.027334 0.00010601 3.3814e-05 0.0033793 0.0003755 0.05383 0.00025057 0.016212 0.19519 0.00024232 0.066085 0.00048664 0.00011295 0.18235 0.0034764 0.00031813 0.00285 0.0002699 0.002669 0.0062615 0.0010657 0.004111 0.00040731 0.029758 0.016342 0.0057298 0.0028783 0.0035148 0.0016941 0.020676 0.14914 0.00024695 0.0023964 0.0016981 0.00024471 0.0018346 0.00074716 0.0018212 9.2455e-06
140 0.00098953 0.044537 0.14812 0.027877 0.00010459 3.3338e-05 0.003372 0.00037214 0.05385 0.0002479 0.016212 0.19489 0.00023996 0.066309 0.0004824 0.00011233 0.18215 0.0034748 0.00031536 0.0028455 0.00026752 0.0026652 0.0062589 0.0010584 0.0040814 0.00040397 0.029747 0.016226 0.005728 0.002887 0.0035201 0.0016925 0.020675 0.14925 0.00024475 0.0024033 0.0017001 0.00024281 0.0018389 0.00074112 0.0018216 9.0691e-06
141 0.00098412 0.044423 0.14805 0.028427 0.00010321 3.2872e-05 0.0033648 0.00036883 0.05387 0.00024528 0.016212 0.19458 0.00023764 0.066529 0.00047824 0.00011172 0.18195 0.0034731 0.00031264 0.0028409 0.00026519 0.0026614 0.0062562 0.0010511 0.0040523 0.00040068 0.029736 0.016111 0.005726 0.0028955 0.0035253 0.0016909 0.020674 0.14935 0.00024258 0.0024102 0.0017021 0.00024094 0.0018431 0.00073517 0.001822 8.8976e-06
142 0.00097879 0.044311 0.14797 0.028982 0.00010185 3.2418e-05 0.0033577 0.00036559 0.053889 0.00024271 0.016211 0.19428 0.00023536 0.066747 0.00047414 0.00011112 0.18175 0.0034713 0.00030997 0.0028363 0.00026289 0.0026576 0.0062534 0.001044 0.0040236 0.00039745 0.029724 0.015998 0.0057239 0.0029039 0.0035304 0.0016892 0.020672 0.14945 0.00024045 0.0024169 0.0017041 0.00023909 0.0018472 0.00072931 0.0018223 8.7309e-06
143 0.00097353 0.0442 0.1479 0.029543 0.00010052 3.1973e-05 0.0033506 0.0003624 0.053907 0.00024019 0.01621 0.19398 0.00023312 0.066963 0.00047011 0.00011053 0.18155 0.0034695 0.00030734 0.0028317 0.00026064 0.0026538 0.0062505 0.0010369 0.0039954 0.00039426 0.029711 0.015887 0.0057218 0.0029121 0.0035353 0.0016875 0.020669 0.14954 0.00023835 0.0024235 0.001706 0.00023727 0.0018513 0.00072354 0.0018225 8.5687e-06
144 0.00096835 0.04409 0.14783 0.03011 9.9224e-05 3.1539e-05 0.0033436 0.00035926 0.053925 0.00023772 0.016209 0.19368 0.00023092 0.067177 0.00046615 0.00010994 0.18134 0.0034677 0.00030475 0.0028272 0.00025842 0.00265 0.0062475 0.00103 0.0039675 0.00039112 0.029698 0.015777 0.0057195 0.0029203 0.0035402 0.0016858 0.020667 0.14963 0.00023629 0.00243 0.0017078 0.00023548 0.0018552 0.00071785 0.0018227 8.411e-06
145 0.00096323 0.043981 0.14775 0.030682 9.7953e-05 3.1113e-05 0.0033366 0.00035618 0.053942 0.00023529 0.016208 0.19338 0.00022876 0.067388 0.00046225 0.00010936 0.18114 0.0034658 0.0003022 0.0028226 0.00025623 0.0026462 0.0062443 0.0010231 0.00394 0.00038803 0.029685 0.015669 0.0057171 0.0029283 0.0035449 0.0016841 0.020663 0.14971 0.00023426 0.0024364 0.0017095 0.00023371 0.0018591 0.00071225 0.0018228 8.2575e-06
146 0.00095819 0.043873 0.14768 0.03126 9.6709e-05 3.0698e-05 0.0033297 0.00035314 0.053958 0.0002329 0.016207 0.19308 0.00022663 0.067597 0.00045841 0.00010879 0.18093 0.0034639 0.0002997 0.002818 0.00025408 0.0026423 0.0062411 0.0010164 0.0039128 0.00038499 0.029671 0.015562 0.0057146 0.0029362 0.0035495 0.0016824 0.020659 0.14979 0.00023226 0.0024427 0.0017112 0.00023197 0.0018629 0.00070672 0.0018229 8.1081e-06
147 0.00095321 0.043767 0.14761 0.031844 9.5491e-05 3.0291e-05 0.0033228 0.00035016 0.053974 0.00023056 0.016206 0.19278 0.00022454 0.067803 0.00045464 0.00010822 0.18072 0.0034619 0.00029723 0.0028134 0.00025196 0.0026385 0.0062378 0.0010097 0.0038861 0.00038199 0.029657 0.015456 0.005712 0.002944 0.0035539 0.0016806 0.020655 0.14987 0.00023029 0.0024489 0.0017129 0.00023025 0.0018666 0.00070128 0.001823 7.9626e-06
148 0.0009483 0.043661 0.14754 0.032433 9.4299e-05 2.9893e-05 0.0033159 0.00034722 0.053989 0.00022827 0.016204 0.19248 0.00022249 0.068008 0.00045092 0.00010766 0.18051 0.0034599 0.0002948 0.0028088 0.00024987 0.0026346 0.0062344 0.0010031 0.0038597 0.00037903 0.029642 0.015352 0.0057093 0.0029516 0.0035583 0.0016789 0.020651 0.14994 0.00022836 0.0024549 0.0017144 0.00022856 0.0018702 0.00069591 0.0018229 7.821e-06
149 0.00094346 0.043557 0.14746 0.033027 9.3131e-05 2.9503e-05 0.0033091 0.00034434 0.054003 0.00022601 0.016202 0.19218 0.00022047 0.068209 0.00044726 0.00010711 0.1803 0.0034578 0.0002924 0.0028042 0.00024782 0.0026307 0.0062309 0.00099657 0.0038336 0.00037612 0.029626 0.01525 0.0057065 0.0029591 0.0035625 0.0016771 0.020645 0.15001 0.00022645 0.0024609 0.001716 0.00022689 0.0018738 0.00069062 0.0018229 7.6831e-06
150 0.00093868 0.043453 0.14739 0.033628 9.1986e-05 2.9122e-05 0.0033024 0.00034149 0.054016 0.00022379 0.0162 0.19189 0.00021849 0.068409 0.00044366 0.00010656 0.18009 0.0034557 0.00029005 0.0027996 0.0002458 0.0026268 0.0062273 0.00099014 0.0038079 0.00037325 0.02961 0.015148 0.0057037 0.0029666 0.0035666 0.0016753 0.02064 0.15007 0.00022457 0.0024668 0.0017174 0.00022524 0.0018773 0.00068541 0.0018228 7.5487e-06
151 0.00093396 0.043351 0.14732 0.034234 9.0865e-05 2.8748e-05 0.0032957 0.0003387 0.054029 0.00022161 0.016198 0.19159 0.00021654 0.068607 0.00044011 0.00010602 0.17988 0.0034536 0.00028773 0.002795 0.00024381 0.0026229 0.0062237 0.0009838 0.0037826 0.00037042 0.029594 0.015048 0.0057007 0.0029739 0.0035706 0.0016734 0.020634 0.15013 0.00022272 0.0024725 0.0017189 0.00022362 0.0018807 0.00068026 0.0018226 7.4178e-06
152 0.0009293 0.043249 0.14725 0.034845 8.9767e-05 2.8382e-05 0.003289 0.00033594 0.054041 0.00021947 0.016196 0.1913 0.00021462 0.068802 0.00043662 0.00010548 0.17967 0.0034514 0.00028544 0.0027904 0.00024185 0.002619 0.0062199 0.00097754 0.0037575 0.00036763 0.029577 0.01495 0.0056976 0.0029811 0.0035745 0.0016716 0.020628 0.15018 0.0002209 0.0024782 0.0017202 0.00022201 0.001884 0.00067519 0.0018224 7.2902e-06
153 0.0009247 0.043149 0.14718 0.035462 8.869e-05 2.8024e-05 0.0032824 0.00033323 0.054052 0.00021736 0.016193 0.191 0.00021273 0.068995 0.00043317 0.00010495 0.17946 0.0034492 0.00028319 0.0027858 0.00023991 0.0026151 0.0062161 0.00097135 0.0037328 0.00036488 0.02956 0.014852 0.0056945 0.0029881 0.0035783 0.0016697 0.020621 0.15024 0.0002191 0.0024837 0.0017215 0.00022043 0.0018873 0.00067018 0.0018222 7.1658e-06
154 0.00092016 0.043049 0.14711 0.036085 8.7635e-05 2.7673e-05 0.0032758 0.00033056 0.054063 0.00021529 0.01619 0.19071 0.00021087 0.069186 0.00042978 0.00010443 0.17924 0.0034469 0.00028097 0.0027811 0.00023801 0.0026112 0.0062121 0.00096525 0.0037084 0.00036217 0.029543 0.014756 0.0056913 0.0029951 0.003582 0.0016678 0.020614 0.15028 0.00021733 0.0024892 0.0017228 0.00021887 0.0018905 0.00066525 0.0018219 7.0445e-06
155 0.00091567 0.04295 0.14704 0.036713 8.66e-05 2.7329e-05 0.0032692 0.00032794 0.054073 0.00021326 0.016187 0.19041 0.00020904 0.069375 0.00042644 0.00010391 0.17903 0.0034447 0.00027878 0.0027765 0.00023613 0.0026073 0.0062081 0.00095921 0.0036843 0.0003595 0.029525 0.014661 0.005688 0.003002 0.0035856 0.0016659 0.020606 0.15033 0.00021559 0.0024946 0.001724 0.00021733 0.0018936 0.00066038 0.0018215 6.9262e-06
156 0.00091124 0.042852 0.14696 0.037346 8.5585e-05 2.6993e-05 0.0032627 0.00032535 0.054082 0.00021126 0.016184 0.19012 0.00020724 0.069561 0.00042315 0.0001034 0.17881 0.0034423 0.00027662 0.0027719 0.00023428 0.0026034 0.006204 0.00095325 0.0036605 0.00035687 0.029506 0.014567 0.0056846 0.0030087 0.0035891 0.001664 0.020598 0.15037 0.00021387 0.0024999 0.0017252 0.00021581 0.0018967 0.00065558 0.0018212 6.8108e-06
157 0.00090686 0.042755 0.14689 0.037985 8.459e-05 2.6662e-05 0.0032562 0.0003228 0.054091 0.00020929 0.016181 0.18982 0.00020547 0.069746 0.0004199 0.00010289 0.17859 0.00344 0.0002745 0.0027673 0.00023246 0.0025994 0.0061999 0.00094737 0.003637 0.00035427 0.029487 0.014474 0.0056811 0.0030154 0.0035924 0.0016621 0.02059 0.1504 0.00021218 0.0025051 0.0017263 0.00021431 0.0018997 0.00065083 0.0018208 6.6983e-06
158 0.00090253 0.042659 0.14682 0.03863 8.3613e-05 2.6338e-05 0.0032498 0.00032029 0.054099 0.00020736 0.016178 0.18953 0.00020373 0.069928 0.0004167 0.00010239 0.17838 0.0034376 0.00027241 0.0027627 0.00023067 0.0025955 0.0061957 0.00094155 0.0036138 0.0003517 0.029468 0.014383 0.0056776 0.0030219 0.0035957 0.0016601 0.020582 0.15044 0.00021051 0.0025101 0.0017273 0.00021282 0.0019026 0.00064616 0.0018203 6.5884e-06
159 0.00089825 0.042563 0.14675 0.03928 8.2656e-05 2.6021e-05 0.0032434 0.00031781 0.054106 0.00020546 0.016174 0.18924 0.00020201 0.070108 0.00041355 0.00010189 0.17816 0.0034351 0.00027034 0.002758 0.00022889 0.0025915 0.0061913 0.0009358 0.0035909 0.00034917 0.029448 0.014292 0.0056739 0.0030283 0.0035989 0.0016582 0.020573 0.15047 0.00020886 0.0025151 0.0017283 0.00021136 0.0019055 0.00064154 0.0018198 6.4812e-06
160 0.00089403 0.042468 0.14668 0.039936 8.1716e-05 2.571e-05 0.003237 0.00031537 0.054113 0.00020358 0.01617 0.18895 0.00020032 0.070287 0.00041044 0.0001014 0.17794 0.0034327 0.0002683 0.0027534 0.00022715 0.0025875 0.006187 0.00093012 0.0035682 0.00034667 0.029428 0.014203 0.0056702 0.0030347 0.003602 0.0016562 0.020564 0.15049 0.00020724 0.0025201 0.0017293 0.00020992 0.0019083 0.00063698 0.0018193 6.3765e-06
161 0.00088985 0.042374 0.14661 0.040597 8.0793e-05 2.5404e-05 0.0032307 0.00031297 0.054119 0.00020174 0.016167 0.18866 0.00019865 0.070463 0.00040738 0.00010092 0.17772 0.0034302 0.0002663 0.0027488 0.00022543 0.0025836 0.0061825 0.00092451 0.0035459 0.00034421 0.029408 0.014114 0.0056665 0.0030409 0.003605 0.0016542 0.020554 0.15052 0.00020564 0.0025249 0.0017302 0.00020849 0.001911 0.00063248 0.0018187 6.2743e-06
162 0.00088572 0.042281 0.14654 0.041263 7.9888e-05 2.5105e-05 0.0032244 0.0003106 0.054124 0.00019993 0.016163 0.18837 0.00019701 0.070637 0.00040436 0.00010044 0.1775 0.0034276 0.00026431 0.0027442 0.00022373 0.0025796 0.006178 0.00091897 0.0035238 0.00034178 0.029387 0.014027 0.0056626 0.003047 0.0036078 0.0016522 0.020544 0.15054 0.00020406 0.0025296 0.0017311 0.00020708 0.0019137 0.00062804 0.0018181 6.1745e-06
163 0.00088164 0.042188 0.14646 0.041935 7.8999e-05 2.4811e-05 0.0032181 0.00030826 0.054129 0.00019814 0.016158 0.18808 0.00019539 0.070809 0.00040137 9.9958e-05 0.17728 0.003425 0.00026236 0.0027395 0.00022205 0.0025756 0.0061734 0.00091348 0.0035019 0.00033938 0.029366 0.013941 0.0056587 0.0030531 0.0036106 0.0016502 0.020534 0.15055 0.00020251 0.0025343 0.001732 0.00020569 0.0019163 0.00062366 0.0018175 6.077e-06
164 0.0008776 0.042096 0.14639 0.042612 7.8127e-05 2.4523e-05 0.0032119 0.00030596 0.054133 0.00019639 0.016154 0.18779 0.0001938 0.070979 0.00039843 9.9486e-05 0.17706 0.0034224 0.00026043 0.0027349 0.0002204 0.0025716 0.0061687 0.00090806 0.0034804 0.00033701 0.029345 0.013856 0.0056547 0.003059 0.0036133 0.0016482 0.020523 0.15057 0.00020097 0.0025388 0.0017327 0.00020431 0.0019188 0.00061933 0.0018168 5.9818e-06
165 0.00087361 0.042005 0.14632 0.043295 7.727e-05 2.424e-05 0.0032057 0.00030369 0.054136 0.00019466 0.016149 0.1875 0.00019223 0.071148 0.00039553 9.9019e-05 0.17683 0.0034198 0.00025853 0.0027303 0.00021877 0.0025676 0.006164 0.0009027 0.003459 0.00033467 0.029323 0.013771 0.0056506 0.0030648 0.003616 0.0016462 0.020512 0.15058 0.00019946 0.0025433 0.0017335 0.00020296 0.0019213 0.00061505 0.0018161 5.8887e-06
166 0.00086966 0.041915 0.14625 0.043983 7.6428e-05 2.3962e-05 0.0031995 0.00030145 0.054139 0.00019296 0.016145 0.18721 0.00019068 0.071314 0.00039267 9.8556e-05 0.17661 0.0034171 0.00025666 0.0027257 0.00021716 0.0025636 0.0061592 0.0008974 0.0034379 0.00033236 0.029301 0.013688 0.0056465 0.0030706 0.0036185 0.0016441 0.020501 0.15058 0.00019796 0.0025477 0.0017342 0.00020161 0.0019237 0.00061083 0.0018153 5.7978e-06
167 0.00086575 0.041825 0.14617 0.044676 7.5602e-05 2.369e-05 0.0031933 0.00029924 0.054141 0.00019128 0.01614 0.18692 0.00018916 0.071478 0.00038985 9.8097e-05 0.17638 0.0034144 0.0002548 0.002721 0.00021558 0.0025596 0.0061543 0.00089216 0.0034171 0.00033009 0.029279 0.013606 0.0056423 0.0030762 0.0036209 0.0016421 0.02049 0.15059 0.00019649 0.002552 0.0017349 0.00020029 0.0019261 0.00060666 0.0018145 5.7089e-06
168 0.00086189 0.041735 0.1461 0.045375 7.479e-05 2.3422e-05 0.0031872 0.00029706 0.054143 0.00018963 0.016135 0.18663 0.00018766 0.07164 0.00038706 9.7643e-05 0.17616 0.0034117 0.00025298 0.0027164 0.00021401 0.0025556 0.0061494 0.00088698 0.0033965 0.00032783 0.029256 0.013524 0.005638 0.0030818 0.0036233 0.00164 0.020478 0.15059 0.00019503 0.0025563 0.0017355 0.00019898 0.0019284 0.00060254 0.0018137 5.6219e-06
169 0.00085807 0.041647 0.14603 0.046079 7.3992e-05 2.3159e-05 0.0031811 0.00029492 0.054144 0.000188 0.01613 0.18634 0.00018618 0.071801 0.00038431 9.7193e-05 0.17593 0.0034089 0.00025117 0.0027118 0.00021246 0.0025516 0.0061444 0.00088186 0.0033761 0.00032561 0.029233 0.013444 0.0056337 0.0030872 0.0036255 0.0016379 0.020466 0.15059 0.0001936 0.0025604 0.0017361 0.00019769 0.0019307 0.00059847 0.0018129 5.5369e-06
170 0.00085428 0.041559 0.14595 0.046788 7.3208e-05 2.2901e-05 0.003175 0.0002928 0.054144 0.0001864 0.016124 0.18605 0.00018472 0.071959 0.0003816 9.6748e-05 0.17571 0.0034062 0.00024939 0.0027072 0.00021094 0.0025475 0.0061393 0.00087679 0.003356 0.00032342 0.029209 0.013364 0.0056293 0.0030926 0.0036277 0.0016358 0.020453 0.15058 0.00019218 0.0025645 0.0017366 0.00019641 0.0019329 0.00059444 0.001812 5.4538e-06
171 0.00085054 0.041471 0.14588 0.047502 7.2437e-05 2.2647e-05 0.003169 0.0002907 0.054144 0.00018482 0.016119 0.18576 0.00018328 0.072116 0.00037892 9.6306e-05 0.17548 0.0034033 0.00024764 0.0027025 0.00020943 0.0025435 0.0061342 0.00087177 0.0033361 0.00032125 0.029186 0.013286 0.0056249 0.0030979 0.0036298 0.0016337 0.020441 0.15057 0.00019078 0.0025685 0.0017371 0.00019514 0.001935 0.00059047 0.0018111 5.3725e-06
172 0.00084684 0.041384 0.14581 0.048222 7.168e-05 2.2398e-05 0.003163 0.00028864 0.054143 0.00018326 0.016113 0.18548 0.00018186 0.072271 0.00037628 9.5869e-05 0.17525 0.0034005 0.0002459 0.0026979 0.00020795 0.0025395 0.006129 0.00086681 0.0033164 0.0003191 0.029162 0.013208 0.0056204 0.0031031 0.0036318 0.0016316 0.020428 0.15056 0.0001894 0.0025724 0.0017376 0.00019389 0.0019371 0.00058654 0.0018102 5.293e-06
173 0.00084317 0.041298 0.14573 0.048947 7.0935e-05 2.2154e-05 0.003157 0.0002866 0.054142 0.00018173 0.016107 0.18519 0.00018046 0.072423 0.00037367 9.5435e-05 0.17502 0.0033976 0.00024419 0.0026933 0.00020648 0.0025354 0.0061238 0.00086191 0.0032969 0.00031699 0.029137 0.013131 0.0056158 0.0031082 0.0036337 0.0016295 0.020415 0.15055 0.00018804 0.0025763 0.001738 0.00019266 0.0019391 0.00058266 0.0018092 5.2151e-06
174 0.00083954 0.041212 0.14566 0.049677 7.0203e-05 2.1913e-05 0.003151 0.00028459 0.054139 0.00018022 0.016101 0.1849 0.00017907 0.072574 0.00037109 9.5006e-05 0.1748 0.0033947 0.0002425 0.0026886 0.00020503 0.0025314 0.0061185 0.00085705 0.0032776 0.0003149 0.029113 0.013054 0.0056111 0.0031132 0.0036356 0.0016273 0.020401 0.15053 0.00018669 0.00258 0.0017384 0.00019144 0.0019411 0.00057883 0.0018082 5.139e-06
175 0.00083594 0.041127 0.14558 0.050413 6.9483e-05 2.1677e-05 0.003145 0.00028261 0.054137 0.00017873 0.016095 0.18462 0.00017771 0.072724 0.00036854 9.458e-05 0.17457 0.0033918 0.00024083 0.002684 0.0002036 0.0025273 0.0061131 0.00085225 0.0032585 0.00031283 0.029088 0.012979 0.0056065 0.0031181 0.0036374 0.0016252 0.020387 0.15051 0.00018536 0.0025837 0.0017387 0.00019023 0.001943 0.00057504 0.0018072 5.0644e-06
176 0.00083239 0.041042 0.14551 0.051153 6.8775e-05 2.1445e-05 0.0031391 0.00028065 0.054133 0.00017727 0.016089 0.18433 0.00017637 0.072871 0.00036603 9.4159e-05 0.17434 0.0033888 0.00023918 0.0026794 0.00020219 0.0025233 0.0061077 0.00084749 0.0032397 0.00031079 0.029063 0.012904 0.0056017 0.0031229 0.003639 0.001623 0.020374 0.15049 0.00018405 0.0025873 0.0017391 0.00018903 0.0019449 0.00057129 0.0018061 4.9914e-06
177 0.00082886 0.040958 0.14543 0.051899 6.8079e-05 2.1216e-05 0.0031332 0.00027871 0.05413 0.00017582 0.016083 0.18404 0.00017504 0.073016 0.00036354 9.374e-05 0.1741 0.0033858 0.00023755 0.0026747 0.00020079 0.0025192 0.0061023 0.00084279 0.003221 0.00030877 0.029037 0.012831 0.0055969 0.0031277 0.0036407 0.0016209 0.020359 0.15047 0.00018275 0.0025909 0.0017393 0.00018785 0.0019467 0.00056759 0.001805 4.92e-06
178 0.00082537 0.040874 0.14535 0.05265 6.7394e-05 2.0992e-05 0.0031273 0.0002768 0.054125 0.00017439 0.016076 0.18376 0.00017373 0.07316 0.00036109 9.3326e-05 0.17387 0.0033828 0.00023594 0.0026701 0.00019941 0.0025152 0.0060968 0.00083813 0.0032026 0.00030677 0.029011 0.012758 0.005592 0.0031323 0.0036422 0.0016187 0.020345 0.15044 0.00018147 0.0025944 0.0017396 0.00018669 0.0019485 0.00056393 0.0018039 4.85e-06
179 0.00082191 0.04079 0.14528 0.053406 6.6721e-05 2.0771e-05 0.0031214 0.00027492 0.05412 0.00017299 0.01607 0.18347 0.00017244 0.073302 0.00035867 9.2915e-05 0.17364 0.0033798 0.00023434 0.0026655 0.00019805 0.0025111 0.0060912 0.00083352 0.0031843 0.0003048 0.028985 0.012685 0.0055871 0.0031369 0.0036437 0.0016165 0.02033 0.15041 0.00018021 0.0025978 0.0017398 0.00018553 0.0019502 0.00056031 0.0018028 4.7815e-06
180 0.00081849 0.040707 0.1452 0.054167 6.6058e-05 2.0554e-05 0.0031156 0.00027305 0.054114 0.0001716 0.016063 0.18318 0.00017116 0.073442 0.00035627 9.2508e-05 0.17341 0.0033767 0.00023277 0.0026609 0.0001967 0.002507 0.0060856 0.00082895 0.0031662 0.00030285 0.028959 0.012614 0.0055821 0.0031414 0.003645 0.0016143 0.020315 0.15038 0.00017896 0.0026011 0.00174 0.00018439 0.0019519 0.00055673 0.0018016 4.7144e-06
181 0.0008151 0.040625 0.14512 0.054934 6.5405e-05 2.0341e-05 0.0031098 0.00027121 0.054108 0.00017023 0.016056 0.1829 0.00016991 0.073581 0.00035391 9.2104e-05 0.17318 0.0033736 0.00023122 0.0026562 0.00019537 0.002503 0.0060799 0.00082444 0.0031483 0.00030093 0.028932 0.012543 0.0055771 0.0031458 0.0036464 0.0016121 0.0203 0.15035 0.00017772 0.0026044 0.0017401 0.00018326 0.0019535 0.00055319 0.0018004 4.6486e-06
182 0.00081174 0.040543 0.14504 0.055705 6.4763e-05 2.0131e-05 0.003104 0.00026939 0.054102 0.00016888 0.016049 0.18261 0.00016866 0.073717 0.00035157 9.1704e-05 0.17294 0.0033705 0.00022968 0.0026516 0.00019406 0.0024989 0.0060741 0.00081996 0.0031306 0.00029902 0.028906 0.012473 0.005572 0.0031502 0.0036476 0.0016099 0.020284 0.15031 0.0001765 0.0026076 0.0017402 0.00018214 0.0019551 0.00054968 0.0017992 4.5842e-06
183 0.00080841 0.040461 0.14496 0.056481 6.4132e-05 1.9924e-05 0.0030982 0.0002676 0.054094 0.00016755 0.016041 0.18233 0.00016744 0.073852 0.00034926 9.1306e-05 0.17271 0.0033673 0.00022817 0.002647 0.00019276 0.0024948 0.0060684 0.00081554 0.0031131 0.00029714 0.028879 0.012404 0.0055669 0.0031544 0.0036488 0.0016077 0.020269 0.15027 0.0001753 0.0026107 0.0017403 0.00018104 0.0019566 0.00054622 0.001798 4.5211e-06
184 0.00080511 0.04038 0.14488 0.057262 6.351e-05 1.9721e-05 0.0030924 0.00026582 0.054086 0.00016624 0.016034 0.18204 0.00016623 0.073985 0.00034698 9.0913e-05 0.17247 0.0033642 0.00022667 0.0026423 0.00019148 0.0024907 0.0060625 0.00081115 0.0030957 0.00029527 0.028851 0.012335 0.0055617 0.0031586 0.0036499 0.0016054 0.020253 0.15023 0.0001741 0.0026137 0.0017403 0.00017994 0.0019581 0.0005428 0.0017967 4.4592e-06
185 0.00080184 0.0403 0.1448 0.058049 6.2897e-05 1.9521e-05 0.0030867 0.00026407 0.054078 0.00016494 0.016027 0.18176 0.00016503 0.074117 0.00034472 9.0522e-05 0.17224 0.003361 0.00022519 0.0026377 0.00019021 0.0024866 0.0060567 0.00080681 0.0030785 0.00029343 0.028824 0.012267 0.0055565 0.0031627 0.0036509 0.0016032 0.020237 0.15019 0.00017293 0.0026167 0.0017403 0.00017886 0.0019595 0.00053941 0.0017954 4.3986e-06
186 0.0007986 0.040219 0.14472 0.05884 6.2295e-05 1.9324e-05 0.0030809 0.00026234 0.054069 0.00016366 0.016019 0.18147 0.00016385 0.074247 0.00034249 9.0135e-05 0.172 0.0033577 0.00022372 0.0026331 0.00018895 0.0024826 0.0060507 0.00080251 0.0030615 0.00029161 0.028796 0.0122 0.0055512 0.0031667 0.0036519 0.001601 0.02022 0.15014 0.00017176 0.0026196 0.0017403 0.00017779 0.0019609 0.00053606 0.0017941 4.3391e-06
187 0.00079539 0.040139 0.14464 0.059636 6.1701e-05 1.9131e-05 0.0030752 0.00026063 0.054059 0.0001624 0.016011 0.18119 0.00016268 0.074375 0.00034029 8.9751e-05 0.17177 0.0033545 0.00022227 0.0026285 0.00018771 0.0024785 0.0060447 0.00079825 0.0030447 0.00028981 0.028768 0.012133 0.0055459 0.0031707 0.0036527 0.0015987 0.020204 0.15009 0.00017061 0.0026225 0.0017403 0.00017673 0.0019622 0.00053274 0.0017928 4.2808e-06
188 0.00079221 0.04006 0.14456 0.060437 6.1116e-05 1.894e-05 0.0030695 0.00025894 0.054049 0.00016115 0.016003 0.1809 0.00016153 0.074501 0.00033811 8.937e-05 0.17153 0.0033512 0.00022084 0.0026238 0.00018649 0.0024744 0.0060387 0.00079403 0.003028 0.00028802 0.028739 0.012067 0.0055405 0.0031745 0.0036536 0.0015965 0.020187 0.15004 0.00016947 0.0026253 0.0017402 0.00017568 0.0019635 0.00052946 0.0017914 4.2237e-06
189 0.00078905 0.039981 0.14448 0.061243 6.0541e-05 1.8753e-05 0.0030638 0.00025726 0.054038 0.00015993 0.015995 0.18062 0.00016039 0.074626 0.00033595 8.8992e-05 0.17129 0.0033479 0.00021943 0.0026192 0.00018528 0.0024703 0.0060327 0.00078985 0.0030115 0.00028626 0.028711 0.012002 0.0055351 0.0031783 0.0036543 0.0015942 0.02017 0.14999 0.00016835 0.002628 0.0017401 0.00017464 0.0019648 0.00052622 0.00179 4.1676e-06
190 0.00078593 0.039902 0.1444 0.062054 5.9974e-05 1.8568e-05 0.0030582 0.00025561 0.054027 0.00015871 0.015987 0.18034 0.00015927 0.074749 0.00033382 8.8617e-05 0.17105 0.0033446 0.00021803 0.0026146 0.00018408 0.0024662 0.0060265 0.00078571 0.0029952 0.00028451 0.028682 0.011937 0.0055296 0.003182 0.003655 0.0015919 0.020153 0.14993 0.00016724 0.0026307 0.0017399 0.00017361 0.001966 0.000523 0.0017886 4.1126e-06
191 0.00078283 0.039823 0.14431 0.06287 5.9415e-05 1.8386e-05 0.0030525 0.00025398 0.054016 0.00015751 0.015979 0.18005 0.00015816 0.07487 0.00033171 8.8245e-05 0.17081 0.0033413 0.00021664 0.00261 0.00018289 0.0024621 0.0060204 0.00078161 0.002979 0.00028279 0.028653 0.011873 0.0055241 0.0031857 0.0036556 0.0015896 0.020135 0.14988 0.00016614 0.0026333 0.0017398 0.00017259 0.0019671 0.00051983 0.0017872 4.0587e-06
192 0.00077975 0.039745 0.14423 0.06369 5.8865e-05 1.8207e-05 0.0030469 0.00025236 0.054003 0.00015633 0.01597 0.17977 0.00015706 0.07499 0.00032963 8.7875e-05 0.17058 0.0033379 0.00021527 0.0026053 0.00018172 0.002458 0.0060142 0.00077755 0.0029629 0.00028108 0.028624 0.011809 0.0055185 0.0031892 0.0036562 0.0015873 0.020118 0.14982 0.00016505 0.0026358 0.0017396 0.00017159 0.0019682 0.00051668 0.0017857 4.0058e-06
193 0.0007767 0.039667 0.14415 0.064515 5.8322e-05 1.8031e-05 0.0030413 0.00025076 0.05399 0.00015516 0.015961 0.17948 0.00015598 0.075108 0.00032757 8.7509e-05 0.17034 0.0033345 0.00021392 0.0026007 0.00018056 0.0024538 0.0060079 0.00077353 0.002947 0.00027939 0.028594 0.011746 0.0055129 0.0031927 0.0036567 0.001585 0.0201 0.14976 0.00016398 0.0026383 0.0017393 0.00017059 0.0019693 0.00051357 0.0017843 3.9539e-06
194 0.00077368 0.03959 0.14406 0.065346 5.7788e-05 1.7857e-05 0.0030357 0.00024918 0.053977 0.00015401 0.015953 0.1792 0.00015491 0.075225 0.00032553 8.7146e-05 0.1701 0.0033311 0.00021258 0.0025961 0.00017942 0.0024497 0.0060016 0.00076954 0.0029313 0.00027772 0.028565 0.011684 0.0055073 0.0031961 0.0036571 0.0015827 0.020082 0.14969 0.00016291 0.0026407 0.0017391 0.0001696 0.0019704 0.00051049 0.0017828 3.9029e-06
195 0.00077068 0.039513 0.14398 0.06618 5.7262e-05 1.7686e-05 0.0030301 0.00024762 0.053963 0.00015287 0.015944 0.17892 0.00015385 0.07534 0.00032351 8.6785e-05 0.16986 0.0033277 0.00021125 0.0025915 0.00017828 0.0024456 0.0059953 0.00076559 0.0029157 0.00027606 0.028535 0.011622 0.0055016 0.0031995 0.0036575 0.0015804 0.020064 0.14963 0.00016186 0.0026431 0.0017388 0.00016863 0.0019713 0.00050744 0.0017813 3.8529e-06
196 0.0007677 0.039436 0.14389 0.06702 5.6743e-05 1.7518e-05 0.0030245 0.00024608 0.053949 0.00015175 0.015935 0.17863 0.0001528 0.075453 0.00032152 8.6427e-05 0.16961 0.0033243 0.00020994 0.0025868 0.00017716 0.0024415 0.0059889 0.00076167 0.0029003 0.00027442 0.028505 0.011561 0.0054959 0.0032028 0.0036578 0.0015781 0.020046 0.14956 0.00016082 0.0026454 0.0017384 0.00016766 0.0019723 0.00050442 0.0017797 3.8038e-06
197 0.00076475 0.03936 0.14381 0.067864 5.6231e-05 1.7352e-05 0.003019 0.00024455 0.053934 0.00015064 0.015926 0.17835 0.00015177 0.075565 0.00031954 8.6072e-05 0.16937 0.0033208 0.00020864 0.0025822 0.00017605 0.0024374 0.0059825 0.00075779 0.002885 0.0002728 0.028474 0.0115 0.0054901 0.003206 0.003658 0.0015758 0.020027 0.14949 0.00015979 0.0026476 0.0017381 0.0001667 0.0019732 0.00050143 0.0017782 3.7557e-06
198 0.00076183 0.039284 0.14372 0.068713 5.5727e-05 1.7188e-05 0.0030134 0.00024304 0.053918 0.00014954 0.015916 0.17806 0.00015074 0.075675 0.00031759 8.5719e-05 0.16913 0.0033173 0.00020736 0.0025776 0.00017496 0.0024333 0.005976 0.00075394 0.0028698 0.00027119 0.028444 0.01144 0.0054843 0.0032091 0.0036582 0.0015735 0.020008 0.14942 0.00015877 0.0026498 0.0017377 0.00016575 0.0019741 0.00049847 0.0017766 3.7084e-06
199 0.00075892 0.039208 0.14363 0.069567 5.523e-05 1.7027e-05 0.0030079 0.00024154 0.053902 0.00014846 0.015907 0.17778 0.00014973 0.075784 0.00031566 8.5369e-05 0.16889 0.0033138 0.00020609 0.002573 0.00017387 0.0024291 0.0059695 0.00075013 0.0028548 0.0002696 0.028413 0.011381 0.0054784 0.0032122 0.0036583 0.0015711 0.019989 0.14935 0.00015777 0.0026519 0.0017373 0.00016481 0.0019749 0.00049554 0.001775 3.6619e-06
200 0.00075604 0.039132 0.14354 0.070425 5.474e-05 1.6869e-05 0.0030024 0.00024006 0.053886 0.00014738 0.015898 0.1775 0.00014873 0.075891 0.00031375 8.5022e-05 0.16865 0.0033103 0.00020483 0.0025684 0.0001728 0.002425 0.005963 0.00074635 0.0028399 0.00026803 0.028382 0.011322 0.0054725 0.0032152 0.0036584 0.0015688 0.01997 0.14927 0.00015677 0.002654 0.0017369 0.00016388 0.0019757 0.00049264 0.0017734 3.6163e-06
