42
1 0 0 0 0 0 0 0 0 0 0 0 0 0 0 0 0 0 0 0 0 0 0 0 0 0 0 0 0 0 0 0 0 0 0 0 0 0 0 0 0 0 0
2 0 0 0 0 0 0 0 0 0 0 0 0 0 0 0 0 0 0 0 0 0 0 0 0 0 0 0 0 0 0 0 0 0 0 0 0 0 0 0 0 0 0
3 0 0 0 0 0 0 0 0 0 0 0 0 0 0 0 0 0 0 0 0 0 0 0 0 0 0 0 0 0 0 0 0 0 0 0 0 0 0 0 0 0 0
4 0 0 0 0 0 0 0 0 0 0 0 0 0 0 0 0 0 0 0 0 0 0 0 0 0 0 0 0 0 0 0 0 0 0 0 0 0 0 0 0 0 0
5 0 0 0 0 0 0 0 0 0 0 0 0 0 0 0 0 0 0 0 0 0 0 0 0 0 0 0 0 0 0 0 0 0 0 0 0 0 0 0 0 0 0
6 0 0 0 0 0 0 0 0 0 0 0 0 0 0 0 0 0 0 0 0 0 0 0 0 0 0 0 0 0 0 0 0 0 0 0 0 0 0 0 0 0 0
7 0 0 0 0 0 0 0 0 0 0 0 0 0 0 0 0 0 0 0 0 0 0 0 0 0 0 0 0 0 0 0 0 0 0 0 0 0 0 0 0 0 0
8 0 0 0 0 0 0 0 0 0 0 0 0 0 0 0 0 0 0 0 0 0 0 0 0 0 0 0 0 0 0 0 0 0 0 0 0 0 0 0 0 0 0
9 0 0 0 0 0 0 0 0 0 0 0 0 0 0 0 0 0 0 0 0 0 0 0 0 0 0 0 0 0 0 0 0 0 0 0 0 0 0 0 0 0 0
10 0 0 0 0 0 0 0 0 0 0 0 0 0 0 0 0 0 0 0 0 0 0 0 0 0 0 0 0 0 0 0 0 0 0 0 0 0 0 0 0 0 0
11 1 0 0 0 0 0 0 0 0 0 0 0 0 0 0 0 0 0 0 0 0 0 0 0 0 0 0 0 0 0 0 0 0 0 0 0 0 0 0 0 0 0
12 0.44185 0.42681 0.13134 1.2787e-11 0 0 0 0 0 0 0 0 0 0 0 0 0 0 0 0 0 0 0 0 0 0 0 0 0 0 0 0 0 0 0 0 0 0 0 0 0 0
13 0.19042 0.52344 0.28613 2.5635e-09 0 0 0 0 0 0 0 0 0 0 0 0 0 0 0 0 0 0 0 0 0 0 0 0 0 0 0 0 0 0 0 0 0 0 0 0 0 0
14 0.11854 0.51462 0.36684 3.238e-08 0 0 0 0 0 0 0 0 0 0 0 0 0 0 0 0 0 0 0 0 0 0 0 0 0 0 0 0 0 0 0 0 0 0 0 0 0 0
15 0.072126 0.41487 0.35048 1.4105e-07 0.16253 0 0 0 0 0 0 0 0 0 0 0 0 0 0 0 0 0 0 0 0 0 0 0 0 0 0 0 0 0 0 0 0 0 0 0 0 0
16 0.052401 0.36787 0.3516 4.3566e-07 0.17287 0.055243 1.2117e-05 0 0 0 0 0 0 0 0 0 0 0 0 0 0 0 0 0 0 0 0 0 0 0 0 0 0 0 0 0 0 0 0 0 0 0
17 0.044608 0.36473 0.38377 1.1545e-06 0.14789 0.057145 0.00029417 0.0015527 2.6002e-06 0 0 0 0 0 0 0 0 0 0 0 0 0 0 0 0 0 0 0 0 0 0 0 0 0 0 0 0 0 0 0 0 0
18 0.039563 0.3656 0.416 2.5921e-06 0.12075 0.049064 0.001051 0.0060441 0.00029585 0.0016322 5.6607e-07 0 0 0 0 0 0 0 0 0 0 0 0 0 0 0 0 0 0 0 0 0 0 0 0 0 0 0 0 0 0 0
19 0.035518 0.36333 0.44146 5.0876e-06 0.097255 0.040124 0.002144 0.0099305 0.0017281 0.0079336 8.2862e-05 0.00010298 0.00037898 0 0 0 0 0 0 0 0 0 0 0 0 0 0 0 0 0 0 0 0 0 0 0 0 0 0 0 0 0
20 0.032053 0.35751 0.45956 8.9999e-06 0.078284 0.03238 0.0033713 0.012448 0.004693 0.012705 0.00049772 0.0038922 0.0025969 9.9877e-07 0 0 0 0 0 0 0 0 0 0 0 0 0 0 0 0 0 0 0 0 0 0 0 0 0 0 0 0
21 0.028875 0.34715 0.46873 1.4609e-05 0.063002 0.025986 0.0045589 0.01371 0.0089639 0.015264 0.0013611 0.016763 0.0047782 4.2765e-05 0.00080438 2.3581e-06 0 0 0 0 0 0 0 0 0 0 0 0 0 0 0 0 0 0 0 0 0 0 0 0 0 0
22 0.025922 0.33291 0.4695 2.2106e-05 0.050757 0.020827 0.0055957 0.014031 0.014025 0.016144 0.0026049 0.038617 0.0062787 0.00024857 0.00245 3.0914e-05 3.2169e-05 4.1954e-08 0 0 0 0 0 0 0 0 0 0 0 0 0 0 0 0 0 0 0 0 0 0 0 0
23 0.023209 0.31612 0.46353 3.16e-05 0.041009 0.016721 0.0064318 0.013727 0.019348 0.015949 0.0040803 0.066222 0.0071016 0.00073297 0.0040195 8.5655e-05 0.0014357 1.0447e-05 0.0002356 1.0047e-07 0 0 0 0 0 0 0 0 0 0 0 0 0 0 0 0 0 0 0 0 0 0
24 0.020714 0.29746 0.45177 4.3057e-05 0.033216 0.013452 0.0070467 0.013026 0.024472 0.015111 0.0056265 0.095783 0.0073928 0.0015363 0.0051985 0.00015021 0.0065343 6.3729e-05 0.00086321 1.7752e-05 0.00026305 2.9225e-06 2.4283e-06 7.1602e-05 0.00015936 2.4299e-05 4.4509e-08 0 0 0 0 0 0 0 0 0 0 0 0 0 0 0
25 0.018356 0.27654 0.43366 5.6103e-05 0.026861 0.010804 0.007416 0.012047 0.028949 0.013874 0.0070802 0.12366 0.0072811 0.0026159 0.0059179 0.00021099 0.015616 0.00017385 0.0015018 9.3562e-05 0.00075384 3.694e-05 4.0483e-05 0.00052643 0.0019427 0.00035515 4.967e-05 0.0035744 3.6545e-06 1.0073e-07 4.5873e-08 1.2334e-10 0 0 0 0 0 0 0 0 0 0
26 0.016169 0.25451 0.411 7.0387e-05 0.021707 0.0086717 0.0075653 0.010933 0.032562 0.012462 0.008338 0.14755 0.0069086 0.0038822 0.0062358 0.00026051 0.027481 0.00033103 0.0019993 0.00023336 0.0012137 0.00012271 0.00015114 0.001182 0.0047238 0.00082583 0.00033605 0.012452 4.0663e-05 2.0431e-06 3.0577e-06 3.0378e-06 6.8368e-06 1.1725e-05 4.0616e-05 0 0 0 0 0 0 0
27 0.01425 0.23353 0.38745 8.5959e-05 0.017636 0.0069987 0.0075704 0.0098342 0.035412 0.011076 0.009392 0.16715 0.0064194 0.0052571 0.0062774 0.00029755 0.040711 0.00051751 0.002334 0.00041934 0.0015645 0.00025447 0.00033704 0.0018407 0.0075564 0.0012645 0.00095392 0.02274 0.00013598 9.2573e-06 1.6981e-05 2.1598e-05 9.4508e-05 0.00030028 0.00029198 1.7938e-07 1.5263e-07 6.4351e-06 2.5339e-10 0 0 0
28 0.01261 0.21448 0.36488 0.00010292 0.014451 0.0056983 0.0074875 0.0088208 0.037641 0.0098097 0.010262 0.18281 0.0058991 0.0066811 0.0061477 0.00032347 0.054195 0.0007169 0.0025314 0.00062978 0.0018018 0.00041657 0.0005813 0.0024102 0.010005 0.0016136 0.0018741 0.032256 0.00028974 2.4148e-05 4.7015e-05 6.1373e-05 0.00033984 0.0013052 0.00058434 2.2228e-06 2.8442e-06 9.4015e-05 3.6485e-07 0.000114 6.4165e-09 0
29 0.011104 0.19551 0.34044 0.00012011 0.011832 0.0046369 0.0072754 0.0078326 0.038964 0.0085985 0.010858 0.19303 0.0053352 0.008026 0.0058574 0.00033674 0.066498 0.00090743 0.002598 0.00083811 0.0019244 0.00058729 0.00085335 0.0028328 0.011814 0.001847 0.0029837 0.039732 0.00048412 4.692e-05 9.2871e-05 0.00011875 0.00074741 0.003173 0.00082902 8.5074e-06 1.1531e-05 0.00022336 3.0183e-06 0.0004883 1.8226e-06 0.010596
30 0.0099838 0.18154 0.32308 0.00014051 0.0099293 0.0038683 0.0071424 0.0070737 0.040461 0.0076656 0.011476 0.20322 0.0048866 0.009457 0.0056041 0.00034786 0.078808 0.0011029 0.0026299 0.0010521 0.0020035 0.0007684 0.0011538 0.0031808 0.013288 0.0020226 0.0042633 0.045981 0.00071416 7.8022e-05 0.0001544 0.00019093 0.0013064 0.0059173 0.0010265 2.071e-05 2.8031e-05 0.00035724 1.0059e-05 0.00092962 1.1036e-05 0.0071239
31 0.0090235 0.1691 0.30715 0.00016256 0.0084052 0.003256 0.0069865 0.0064025 0.041619 0.0068502 0.011978 0.21099 0.0044713 0.010847 0.0053222 0.0003534 0.090034 0.0012867 0.0026103 0.0012541 0.0020302 0.00094487 0.0014584 0.0034295 0.014329 0.0021308 0.0056083 0.050609 0.00096092 0.0001159 0.00022763 0.00027143 0.0019722 0.0093599 0.0011687 3.9244e-05 5.2199e-05 0.00047626 2.2504e-05 0.0013423 3.0781e-05 0.0053169
32 0.0082057 0.15819 0.29291 0.00018649 0.0071817 0.0027669 0.0068248 0.005817 0.042546 0.0061465 0.012392 0.21696 0.0040967 0.012194 0.0050361 0.00035509 0.10018 0.0014576 0.002559 0.001441 0.002022 0.0011125 0.0017582 0.0035991 0.015026 0.0021891 0.0069677 0.0539 0.0012141 0.00015927 0.00030941 0.0003559 0.002708 0.013322 0.0012651 6.3809e-05 8.3019e-05 0.00057498 4.0455e-05 0.0016933 6.1189e-05 0.0041204
33 0.0075071 0.14864 0.28025 0.00021244 0.0061916 0.002373 0.0066646 0.0053073 0.0433 0.0055402 0.012739 0.22156 0.0037623 0.013496 0.0047576 0.00035406 0.1093 0.0016151 0.0024885 0.0016117 0.0019906 0.0012688 0.0020473 0.0037069 0.015457 0.0022109 0.0083056 0.05612 0.0014661 0.00020686 0.00039691 0.00044111 0.0034826 0.017633 0.0013255 9.3693e-05 0.00011912 0.00065332 6.3441e-05 0.0019763 0.00010082 0.0032707
34 0.0069075 0.14026 0.26901 0.00024054 0.0053832 0.0020529 0.0065097 0.0048632 0.043924 0.0050172 0.013032 0.22508 0.0034649 0.014752 0.0044926 0.00035113 0.11745 0.0017594 0.0024071 0.0017662 0.0019446 0.001413 0.0023221 0.0037672 0.015684 0.0022067 0.0095988 0.057501 0.0017119 0.00025755 0.00048781 0.00052481 0.0042719 0.022153 0.0013586 0.00012802 0.00015915 0.00071338 9.0726e-05 0.002196 0.00014769 0.0026442
35 0.0063899 0.13288 0.25904 0.0002709 0.0047172 0.0017903 0.006362 0.0044751 0.044447 0.0045644 0.013281 0.22775 0.0032008 0.015962 0.0042441 0.00034689 0.12472 0.0018912 0.0023206 0.0019053 0.0018897 0.0015448 0.0025809 0.0037915 0.015759 0.0021843 0.010833 0.058238 0.0019483 0.00031038 0.00058027 0.00060556 0.0050582 0.02677 0.0013715 0.00016591 0.00020186 0.00075795 0.0001215 0.002361 0.0001998 0.0021702
36 0.0059403 0.12636 0.25016 0.00030364 0.0041637 0.001573 0.0062224 0.0041346 0.044893 0.0041709 0.013496 0.22976 0.0029659 0.017128 0.004013 0.00034178 0.13121 0.0020114 0.0022324 0.00203 0.0018299 0.0016649 0.0028232 0.0037889 0.015721 0.0021493 0.012002 0.058484 0.0021734 0.00036456 0.00067291 0.00068247 0.0058292 0.031398 0.0013697 0.00020654 0.00024623 0.00078978 0.00015497 0.0024806 0.00025537 0.0018042
37 0.0055474 0.12057 0.24223 0.00033885 0.0036998 0.0013916 0.0060911 0.0038348 0.045279 0.0038275 0.013683 0.23125 0.0027568 0.018253 0.0037991 0.0003361 0.137 0.002121 0.0021451 0.0021416 0.001768 0.0017738 0.003049 0.0037665 0.0156 0.0021059 0.013102 0.058362 0.0023864 0.00041947 0.00076471 0.00075509 0.0065766 0.035976 0.0013572 0.0002492 0.00029145 0.00081135 0.00019045 0.0025633 0.00031295 0.001517
38 0.0052022 0.11541 0.23514 0.00037665 0.0033079 0.0012389 0.005968 0.0035697 0.045616 0.0035264 0.013846 0.23233 0.0025701 0.019339 0.0036016 0.00033009 0.14217 0.0022209 0.0020601 0.0022415 0.0017057 0.0018725 0.003259 0.0037295 0.015419 0.0020574 0.014132 0.057965 0.0025869 0.00047463 0.00085494 0.00082324 0.0072953 0.04046 0.0013374 0.00029327 0.00033688 0.00082474 0.00022734 0.0026166 0.00037136 0.0012883
39 0.0048971 0.11079 0.22877 0.00041711 0.0029744 0.0011094 0.0058528 0.0033342 0.045916 0.0032611 0.01399 0.23307 0.002403 0.020388 0.0034195 0.0003239 0.1468 0.0023122 0.0019782 0.0023308 0.0016443 0.0019618 0.0034539 0.003682 0.015196 0.0020057 0.015096 0.057367 0.0027751 0.00052965 0.00094309 0.00088691 0.0079823 0.044821 0.0013125 0.00033826 0.00038204 0.00083169 0.00026512 0.0026467 0.00042973 0.001104
40 0.004626 0.10664 0.22304 0.00046035 0.0026885 0.00099879 0.0057449 0.003124 0.046185 0.0030264 0.014118 0.23355 0.0022529 0.021403 0.0032517 0.00031766 0.15095 0.0023956 0.0019 0.0024106 0.0015846 0.0020426 0.0036347 0.0036272 0.014944 0.0019525 0.015996 0.056623 0.0029513 0.00058426 0.0010288 0.00094623 0.0086362 0.049039 0.0012842 0.00038375 0.00042655 0.00083358 0.00030339 0.0026584 0.00048738 0.00095374
41 0.004384 0.10289 0.21786 0.00050644 0.0024418 0.0009037 0.005644 0.0029359 0.046429 0.0028178 0.014233 0.23382 0.0021177 0.022385 0.003097 0.00031144 0.15466 0.002472 0.0018256 0.0024821 0.0015269 0.0021158 0.0038024 0.0035674 0.014673 0.001899 0.016835 0.055777 0.0031162 0.00063822 0.0011119 0.0010014 0.0092567 0.053102 0.0012538 0.0004294 0.00047017 0.00083155 0.00034183 0.002656 0.00054384 0.00083002
42 0.0041668 0.099491 0.21316 0.00055548 0.0022277 0.00082143 0.0055495 0.0027666 0.046653 0.0026317 0.014337 0.23392 0.0019955 0.023336 0.0029542 0.00030531 0.15801 0.002542 0.0017552 0.0025461 0.0014717 0.002182 0.003958 0.0035044 0.014391 0.0018458 0.017617 0.05486 0.0032703 0.00069138 0.0011923 0.0010526 0.0098444 0.057005 0.0012222 0.00047495 0.00051271 0.00082649 0.00038016 0.0026425 0.00059877 0.00072721
43 0.0039712 0.0964 0.2089 0.00060756 0.0020408 0.00074983 0.0054609 0.0026138 0.04686 0.0024648 0.01443 0.23389 0.0018848 0.024259 0.0028222 0.00029929 0.16102 0.0026064 0.0016887 0.0026034 0.001419 0.0022419 0.0041024 0.0034396 0.014102 0.0017936 0.018346 0.053898 0.0034143 0.00074363 0.0012699 0.0011001 0.0104 0.060746 0.0011901 0.0005202 0.00055404 0.00081911 0.00041819 0.0026206 0.00065195 0.00064108
44 0.0037941 0.093579 0.20501 0.00066276 0.0018767 0.00068717 0.0053777 0.0024754 0.047054 0.0023148 0.014516 0.23374 0.0017841 0.025156 0.0027001 0.00029343 0.16373 0.0026656 0.001626 0.0026548 0.0013688 0.0022963 0.0042366 0.0033738 0.013811 0.0017427 0.019026 0.052909 0.003549 0.00079487 0.0013447 0.0011442 0.010925 0.064327 0.0011581 0.00056498 0.0005941 0.00080998 0.00045576 0.0025924 0.00070322 0.00056835
45 0.0036333 0.090995 0.20146 0.00072115 0.0017319 0.00063206 0.0052996 0.0023496 0.047235 0.0021793 0.014595 0.23351 0.0016923 0.026027 0.002587 0.00028773 0.16619 0.0027201 0.0015668 0.0027009 0.0013212 0.0023456 0.0043613 0.0033081 0.013521 0.0016933 0.01966 0.051908 0.0036748 0.00084507 0.0014167 0.0011851 0.01142 0.06775 0.0011264 0.00060916 0.00063283 0.00079955 0.00049274 0.0025593 0.00075251 0.00050651
46 0.0034866 0.088621 0.1982 0.00078283 0.0016036 0.00058335 0.0052261 0.0022349 0.047407 0.0020566 0.014667 0.23321 0.0016083 0.026874 0.0024819 0.00028221 0.16841 0.0027705 0.0015111 0.0027424 0.001276 0.0023904 0.0044773 0.0032427 0.013235 0.0016456 0.020253 0.050907 0.0037925 0.00089417 0.0014861 0.001223 0.011888 0.07102 0.0010953 0.00065266 0.00067022 0.00078818 0.00052905 0.0025228 0.0007998 0.00045359
47 0.0033525 0.086433 0.19522 0.00084786 0.0014894 0.0005401 0.0051569 0.0021299 0.04757 0.001945 0.014735 0.23284 0.0015313 0.027699 0.0023843 0.00027687 0.17042 0.0028172 0.0014585 0.0027796 0.0012332 0.0024311 0.0045854 0.0031783 0.012954 0.0015997 0.020806 0.049912 0.0039027 0.00094217 0.0015528 0.0012582 0.01233 0.074143 0.001065 0.00069539 0.00070628 0.00077614 0.00056463 0.0024837 0.00084507 0.00040801
48 0.0032293 0.084412 0.19247 0.00091632 0.0013872 0.00050155 0.0050916 0.0020336 0.047726 0.0018433 0.014797 0.23244 0.0014605 0.028503 0.0022933 0.00027172 0.17225 0.0028603 0.001409 0.0028131 0.0011927 0.0024681 0.0046862 0.003115 0.012678 0.0015556 0.021324 0.04893 0.0040059 0.00098906 0.001617 0.0012909 0.012747 0.077125 0.0010356 0.00073732 0.00074102 0.00076365 0.00059941 0.002443 0.00088837 0.00036855
49 0.0031159 0.082539 0.18993 0.00098829 0.0012956 0.00046704 0.0050298 0.0019449 0.047876 0.0017503 0.014856 0.232 0.0013953 0.029287 0.0022085 0.00026674 0.17391 0.0029004 0.0013622 0.0028432 0.0011543 0.0025018 0.0047803 0.0030532 0.01241 0.0015132 0.021808 0.047965 0.0041026 0.0010349 0.0016788 0.0013212 0.01314 0.079972 0.0010072 0.0007784 0.00077447 0.00075089 0.00063339 0.0024012 0.00092974 0.0003342
50 0.0030112 0.0808 0.18758 0.0010638 0.001213 0.00043604 0.0049714 0.0018632 0.04802 0.001665 0.01491 0.23152 0.001335 0.030053 0.0021292 0.00026194 0.17542 0.0029377 0.0013181 0.0028703 0.0011179 0.0025325 0.0048682 0.0029928 0.012149 0.0014726 0.022262 0.04702 0.0041933 0.0010795 0.0017382 0.0013494 0.013512 0.08269 0.0009797 0.00081862 0.00080667 0.000738 0.00066654 0.0023589 0.00096923 0.00030415
51 0.0029143 0.07918 0.18541 0.001143 0.0011384 0.00040809 0.0049161 0.0017875 0.048158 0.0015866 0.014962 0.23103 0.0012792 0.0308 0.002055 0.00025732 0.17679 0.0029723 0.0012765 0.0028947 0.0010834 0.0025605 0.0049504 0.0029341 0.011896 0.0014338 0.022687 0.046098 0.0042785 0.0011232 0.0017955 0.0013757 0.013863 0.085286 0.00095325 0.00085796 0.00083764 0.00072508 0.00069884 0.0023164 0.0010069 0.00027774
52 0.0028243 0.077669 0.18339 0.001226 0.0010708 0.0003828 0.0048636 0.0017174 0.048293 0.0015143 0.01501 0.23052 0.0012274 0.03153 0.0019855 0.00025286 0.17804 0.0030046 0.0012371 0.0029167 0.0010507 0.002586 0.0050274 0.0028771 0.01165 0.0013965 0.023086 0.045201 0.0043585 0.0011657 0.0018505 0.0014001 0.014196 0.087766 0.0009278 0.00089642 0.00086745 0.00071221 0.00073032 0.002274 0.0010429 0.00025443
53 0.0027406 0.076256 0.18152 0.0013127 0.0010092 0.00035985 0.0048137 0.0016523 0.048424 0.0014475 0.015056 0.23 0.0011793 0.032244 0.0019202 0.00024857 0.17919 0.0030347 0.0011998 0.0029364 0.0010197 0.0026092 0.0050995 0.0028218 0.011413 0.0013609 0.023461 0.044327 0.0044337 0.0012073 0.0019036 0.0014228 0.01451 0.090136 0.00090335 0.000934 0.00089612 0.00069947 0.00076096 0.0022319 0.0010772 0.00023377
54 0.0026625 0.074932 0.17978 0.0014032 0.00095309 0.00033897 0.0047662 0.0015916 0.04855 0.0013857 0.0151 0.22946 0.0011344 0.032943 0.0018588 0.00024443 0.18023 0.0030629 0.0011645 0.0029541 0.00099025 0.0026305 0.0051672 0.0027682 0.011183 0.0013268 0.023813 0.04348 0.0045045 0.0012478 0.0019547 0.001444 0.014808 0.092401 0.00087988 0.00097071 0.00092371 0.0006869 0.00079077 0.0021904 0.0011099 0.00021539
55 0.0025895 0.073688 0.17815 0.0014977 0.00090174 0.00031991 0.004721 0.001535 0.048674 0.0013282 0.015141 0.22892 0.0010925 0.033627 0.0018009 0.00024045 0.18118 0.0030892 0.0011311 0.0029701 0.00096228 0.0026498 0.0052308 0.0027162 0.010961 0.0012941 0.024145 0.042657 0.0045712 0.0012874 0.002004 0.0014637 0.015089 0.094568 0.00085734 0.0010066 0.00095026 0.00067453 0.00081979 0.0021495 0.0011411 0.00019899
56 0.0025211 0.072519 0.17663 0.0015961 0.00085464 0.00030246 0.0046779 0.0014821 0.048795 0.0012748 0.015181 0.22838 0.0010533 0.034297 0.0017464 0.0002366 0.18205 0.0031139 0.0010994 0.0029844 0.0009357 0.0026675 0.0052906 0.002666 0.010747 0.0012629 0.024457 0.04186 0.004634 0.001326 0.0020515 0.0014821 0.015356 0.096641 0.00083571 0.0010416 0.00097582 0.0006624 0.00084801 0.0021094 0.0011708 0.00018429
57 0.0024569 0.071417 0.17521 0.0016986 0.00081134 0.00028646 0.0046368 0.0014325 0.048912 0.0012251 0.015219 0.22783 0.0010166 0.034953 0.001695 0.0002329 0.18285 0.003137 0.0010692 0.0029972 0.00091041 0.0026836 0.0053468 0.0026173 0.010539 0.0012329 0.024751 0.041087 0.0046933 0.0013636 0.0020973 0.0014993 0.01561 0.098626 0.00081496 0.0010757 0.0010004 0.00065052 0.00087546 0.0020702 0.0011992 0.00017107
58 0.0023966 0.070378 0.17388 0.0018052 0.00077143 0.00027174 0.0045975 0.001386 0.049027 0.0011786 0.015255 0.22728 0.00098219 0.035596 0.0016463 0.00022932 0.18357 0.0031587 0.0010406 0.0030087 0.00088633 0.0026983 0.0053997 0.0025703 0.010339 0.0012043 0.025028 0.040339 0.0047492 0.0014004 0.0021415 0.0015154 0.01585 0.10053 0.00079505 0.0011091 0.0010241 0.00063892 0.00090216 0.0020318 0.0012263 0.00015916
59 0.0023398 0.069395 0.17264 0.0019159 0.00073457 0.00025818 0.0045598 0.0013423 0.04914 0.0011352 0.015289 0.22673 0.00094982 0.036227 0.0016002 0.00022587 0.18423 0.0031791 0.0010134 0.0030189 0.00086339 0.0027117 0.0054496 0.0025248 0.010146 0.0011768 0.02529 0.039615 0.0048021 0.0014363 0.0021842 0.0015304 0.016078 0.10235 0.00077594 0.0011417 0.0010469 0.00062759 0.00092813 0.0019944 0.0012522 0.00014839
60 0.0022862 0.068464 0.17146 0.0020308 0.00070045 0.00024564 0.0045237 0.0013012 0.04925 0.0010945 0.015322 0.22619 0.00091934 0.036847 0.0015566 0.00022254 0.18484 0.0031982 0.00098744 0.003028 0.00084151 0.002724 0.0054966 0.0024808 0.0099595 0.0011504 0.025537 0.038914 0.0048521 0.0014714 0.0022254 0.0015444 0.016295 0.10409 0.0007576 0.0011735 0.0010689 0.00061654 0.00095339 0.0019579 0.0012769 0.00013863
61 0.0022355 0.067582 0.17036 0.00215 0.00066881 0.00023404 0.0044891 0.0012624 0.049358 0.0010562 0.015354 0.22564 0.00089061 0.037454 0.0015151 0.00021932 0.18539 0.0032162 0.00096272 0.0030361 0.00082064 0.0027351 0.0055409 0.0024382 0.0097792 0.0011251 0.025771 0.038235 0.0048993 0.0015057 0.0022652 0.0015575 0.016501 0.10577 0.00074 0.0012045 0.0010901 0.00060578 0.00097796 0.0019223 0.0013004 0.00012976
62 0.0021876 0.066744 0.16933 0.0022735 0.0006394 0.00022328 0.0044559 0.0012258 0.049464 0.0010203 0.015385 0.2251 0.00086348 0.038051 0.0014758 0.00021621 0.1859 0.0032332 0.00093914 0.0030432 0.0008007 0.0027452 0.0055828 0.002397 0.0096051 0.0011008 0.025992 0.037578 0.0049441 0.0015392 0.0023037 0.0015697 0.016697 0.10738 0.00072309 0.0012349 0.0011105 0.00059531 0.0010019 0.0018877 0.001323 0.00012167
63 0.0021422 0.065948 0.16835 0.0024014 0.00061203 0.00021329 0.004424 0.0011912 0.049568 0.00098654 0.015414 0.22457 0.00083784 0.038637 0.0014383 0.0002132 0.18636 0.0032492 0.00091663 0.0030495 0.00078165 0.0027544 0.0056224 0.0023571 0.0094368 0.0010775 0.026201 0.036942 0.0049864 0.0015719 0.002341 0.0015812 0.016884 0.10892 0.00070684 0.0012645 0.0011303 0.00058511 0.0010251 0.0018541 0.0013445 0.00011428
64 0.0020991 0.06519 0.16743 0.0025337 0.0005865 0.00020398 0.0043933 0.0011584 0.04967 0.00095468 0.015443 0.22403 0.00081357 0.039213 0.0014027 0.0002103 0.18678 0.0032643 0.00089512 0.003055 0.00076342 0.0027628 0.0056598 0.0023185 0.0092741 0.0010551 0.026399 0.036326 0.0050266 0.0016039 0.002377 0.0015919 0.017061 0.1104 0.00069123 0.0012934 0.0011493 0.0005752 0.0010478 0.0018214 0.0013651 0.00010752
65 0.0020581 0.064468 0.16656 0.0026705 0.00056265 0.0001953 0.0043638 0.0011273 0.049771 0.00092461 0.01547 0.2235 0.00079057 0.039779 0.0013687 0.00020748 0.18716 0.0032785 0.00087455 0.0030597 0.00074598 0.0027703 0.0056952 0.0022812 0.0091168 0.0010336 0.026586 0.035729 0.0050646 0.0016352 0.0024119 0.001602 0.01723 0.11183 0.00067622 0.0013217 0.0011676 0.00056556 0.0010698 0.0017896 0.0013848 0.00010131
66 0.0020191 0.063779 0.16574 0.0028118 0.00054033 0.00018719 0.0043353 0.0010978 0.049869 0.00089618 0.015497 0.22298 0.00076875 0.040336 0.0013363 0.00020476 0.1875 0.0032919 0.00085487 0.0030638 0.00072927 0.0027772 0.0057287 0.002245 0.0089647 0.0010128 0.026764 0.035151 0.0051007 0.0016658 0.0024457 0.0016114 0.017392 0.1132 0.00066178 0.0013493 0.0011854 0.00055619 0.0010912 0.0017587 0.0014036 9.5606e-05
67 0.001982 0.06312 0.16497 0.0029577 0.00051942 0.00017961 0.0043079 0.0010698 0.049966 0.00086928 0.015522 0.22246 0.00074801 0.040883 0.0013054 0.00020212 0.18782 0.0033045 0.00083602 0.0030673 0.00071325 0.0027833 0.0057604 0.00221 0.0088176 0.0009929 0.026932 0.034591 0.005135 0.0016957 0.0024784 0.0016202 0.017545 0.11451 0.00064788 0.0013762 0.0012025 0.00054708 0.0011121 0.0017287 0.0014216 9.0351e-05
68 0.0019465 0.062491 0.16423 0.0031082 0.00049979 0.00017251 0.0042814 0.0010431 0.050061 0.00084379 0.015547 0.22195 0.0007283 0.041422 0.0012758 0.00019956 0.1881 0.0033165 0.00081794 0.0030702 0.00069789 0.0027889 0.0057905 0.002176 0.0086752 0.0009737 0.027092 0.034049 0.0051675 0.001725 0.0025101 0.0016284 0.017692 0.11578 0.0006345 0.0014026 0.001219 0.00053822 0.0011324 0.0016995 0.0014388 8.55e-05
69 0.0019127 0.061888 0.16353 0.0032633 0.00048135 0.00016584 0.0042558 0.0010177 0.050154 0.00081961 0.015571 0.22144 0.00070953 0.041951 0.0012475 0.00019709 0.18835 0.0033278 0.00080061 0.0030726 0.00068314 0.0027938 0.005819 0.0021431 0.0085373 0.0009552 0.027243 0.033523 0.0051984 0.0017536 0.0025409 0.0016361 0.017832 0.117 0.00062162 0.0014283 0.001235 0.00052962 0.0011522 0.0016712 0.0014553 8.1015e-05
70 0.0018804 0.061311 0.16287 0.0034232 0.00046399 0.00015957 0.004231 0.00099353 0.050246 0.00079665 0.015594 0.22094 0.00069165 0.042473 0.0012204 0.00019468 0.18858 0.0033385 0.00078397 0.0030746 0.00066897 0.0027982 0.0058459 0.0021112 0.0084037 0.00093737 0.027387 0.033013 0.0052277 0.0017817 0.0025707 0.0016434 0.017965 0.11818 0.0006092 0.0014535 0.0012505 0.00052125 0.0011715 0.0016437 0.0014711 7.6861e-05
71 0.0018494 0.060757 0.16225 0.0035878 0.00044763 0.00015368 0.0042071 0.00097043 0.050336 0.00077482 0.015616 0.22044 0.00067459 0.042986 0.0011945 0.00019235 0.18879 0.0033486 0.00076798 0.003076 0.00065536 0.0028021 0.0058715 0.0020803 0.0082744 0.00092017 0.027524 0.032518 0.0052556 0.0018091 0.0025996 0.0016501 0.018093 0.11931 0.00059723 0.0014782 0.0012654 0.00051312 0.0011903 0.0016169 0.0014863 7.3007e-05
72 0.0018198 0.060226 0.16165 0.0037571 0.00043219 0.00014813 0.0041839 0.00094836 0.050425 0.00075405 0.015638 0.21995 0.0006583 0.043492 0.0011696 0.00019008 0.18897 0.0033582 0.00075262 0.0030771 0.00064226 0.0028056 0.0058958 0.0020503 0.008149 0.00090358 0.027654 0.032038 0.0052822 0.001836 0.0026277 0.0016564 0.018214 0.1204 0.00058569 0.0015022 0.0012799 0.00050522 0.0012086 0.001591 0.0015008 6.9426e-05
73 0.0017914 0.059715 0.16109 0.0039313 0.00041761 0.00014289 0.0041614 0.00092726 0.050512 0.00073425 0.015659 0.21946 0.00064274 0.04399 0.0011457 0.00018788 0.18913 0.0033672 0.00073783 0.0030778 0.00062965 0.0028086 0.0059189 0.0020211 0.0080274 0.00088755 0.027777 0.031572 0.0053074 0.0018624 0.002655 0.0016623 0.018331 0.12145 0.00057454 0.0015258 0.0012939 0.00049753 0.0012265 0.0015657 0.0015147 6.6093e-05
74 0.0017641 0.059224 0.16055 0.0041104 0.00040382 0.00013795 0.0041396 0.00090706 0.050598 0.00071538 0.01568 0.21898 0.00062785 0.04448 0.0011227 0.00018574 0.18927 0.0033758 0.00072361 0.0030781 0.00061751 0.0028112 0.0059407 0.0019929 0.0079095 0.00087208 0.027894 0.03112 0.0053314 0.0018882 0.0026815 0.0016679 0.018442 0.12247 0.00056379 0.0015489 0.0013075 0.00049006 0.0012439 0.0015412 0.0015281 6.2986e-05
75 0.0017379 0.058751 0.16004 0.0042944 0.00039076 0.00013327 0.0041185 0.00088772 0.050682 0.00069737 0.0157 0.21851 0.0006136 0.044963 0.0011007 0.00018367 0.18939 0.0033839 0.0007099 0.0030781 0.00060582 0.0028135 0.0059615 0.0019654 0.007795 0.00085712 0.028006 0.03068 0.0053542 0.0019135 0.0027072 0.0016731 0.018549 0.12345 0.0005534 0.0015714 0.0013206 0.00048279 0.0012609 0.0015174 0.0015408 6.0086e-05
76 0.0017127 0.058296 0.15955 0.0044833 0.00037839 0.00012885 0.004098 0.00086918 0.050765 0.00068017 0.015719 0.21804 0.00059995 0.04544 0.0010795 0.00018165 0.1895 0.0033916 0.0006967 0.0030778 0.00059454 0.0028153 0.0059812 0.0019387 0.007684 0.00084266 0.028112 0.030253 0.005376 0.0019383 0.0027322 0.0016779 0.01865 0.12439 0.00054336 0.0015935 0.0013333 0.00047572 0.0012775 0.0014942 0.0015531 5.7376e-05
77 0.0016885 0.057856 0.15909 0.0046772 0.00036664 0.00012465 0.004078 0.00085139 0.050847 0.00066371 0.015738 0.21757 0.00058685 0.045909 0.001059 0.00017968 0.18959 0.0033988 0.00068396 0.0030773 0.00058365 0.0028169 0.0059999 0.0019128 0.0075761 0.00082867 0.028213 0.029838 0.0053967 0.0019626 0.0027565 0.0016824 0.018748 0.1253 0.00053365 0.0016151 0.0013456 0.00046884 0.0012936 0.0014717 0.0015649 5.4839e-05
78 0.0016652 0.057433 0.15864 0.004876 0.00035549 0.00012068 0.0040587 0.00083431 0.050927 0.00064797 0.015756 0.21711 0.00057429 0.046372 0.0010394 0.00017777 0.18966 0.0034057 0.00067167 0.0030764 0.00057315 0.0028181 0.0060176 0.0018876 0.0074714 0.00081513 0.028309 0.029435 0.0054164 0.0019864 0.0027802 0.0016866 0.018841 0.12618 0.00052426 0.0016362 0.0013576 0.00046215 0.0013094 0.0014498 0.0015762 5.2462e-05
79 0.0016427 0.057024 0.15822 0.00508 0.00034488 0.0001169 0.0040398 0.0008179 0.051006 0.0006329 0.015773 0.21666 0.00056223 0.046828 0.0010204 0.0001759 0.18972 0.0034122 0.00065981 0.0030753 0.00056301 0.0028191 0.0060345 0.001863 0.0073695 0.00080202 0.0284 0.029043 0.0054351 0.0020097 0.0028032 0.0016905 0.01893 0.12704 0.00051518 0.001657 0.0013691 0.00045563 0.0013248 0.0014284 0.001587 5.0232e-05
80 0.001621 0.056629 0.15782 0.005289 0.00033479 0.00011331 0.0040215 0.00080211 0.051084 0.00061845 0.015791 0.21621 0.00055064 0.047278 0.0010021 0.00017409 0.18977 0.0034183 0.00064835 0.003074 0.00055321 0.0028198 0.0060505 0.0018392 0.0072706 0.00078932 0.028486 0.028661 0.005453 0.0020327 0.0028256 0.0016942 0.019016 0.12786 0.00050639 0.0016772 0.0013804 0.00044928 0.0013398 0.0014077 0.0015975 4.8137e-05
81 0.0016001 0.056247 0.15743 0.0055031 0.00032518 0.0001099 0.0040036 0.00078693 0.051161 0.00060459 0.015807 0.21577 0.00053949 0.047722 0.00098448 0.00017232 0.1898 0.0034241 0.00063727 0.0030725 0.00054373 0.0028202 0.0060657 0.001816 0.0071743 0.00077701 0.028569 0.02829 0.00547 0.0020551 0.0028473 0.0016976 0.019097 0.12865 0.00049787 0.0016971 0.0013913 0.00044311 0.0013545 0.0013875 0.0016075 4.6166e-05
82 0.0015799 0.055877 0.15706 0.0057224 0.00031602 0.00010665 0.0039862 0.0007723 0.051236 0.00059129 0.015823 0.21533 0.00052876 0.04816 0.00096745 0.00017059 0.18982 0.0034296 0.00062656 0.0030708 0.00053456 0.0028204 0.0060801 0.0017934 0.0070807 0.00076507 0.028647 0.027928 0.0054862 0.0020772 0.0028685 0.0017007 0.019176 0.12942 0.00048962 0.0017166 0.0014018 0.00043709 0.0013688 0.0013678 0.0016171 4.4311e-05
83 0.0015604 0.055519 0.15671 0.0059468 0.00030728 0.00010356 0.0039692 0.00075821 0.05131 0.00057851 0.015839 0.21489 0.00051843 0.048591 0.00095099 0.00016891 0.18983 0.0034348 0.00061619 0.0030689 0.00052569 0.0028204 0.0060938 0.0017713 0.0069896 0.0007535 0.028722 0.027576 0.0055016 0.0020989 0.0028892 0.0017036 0.019251 0.13017 0.00048163 0.0017357 0.0014121 0.00043122 0.0013828 0.0013487 0.0016263 4.2563e-05
84 0.0015415 0.055173 0.15637 0.0061765 0.00029893 0.0001006 0.0039527 0.00074462 0.051382 0.00056623 0.015854 0.21446 0.00050848 0.049018 0.00093508 0.00016727 0.18983 0.0034397 0.00060616 0.0030668 0.0005171 0.0028202 0.0061068 0.0017499 0.0069009 0.00074226 0.028793 0.027233 0.0055163 0.0021201 0.0029093 0.0017063 0.019322 0.13088 0.00047387 0.0017544 0.001422 0.00042551 0.0013965 0.0013301 0.0016352 4.0913e-05
85 0.0015233 0.054837 0.15605 0.0064113 0.00029095 9.7786e-05 0.0039365 0.00073152 0.051454 0.00055441 0.015869 0.21403 0.00049888 0.049438 0.00091969 0.00016567 0.18982 0.0034444 0.00059645 0.0030646 0.00050878 0.0028198 0.0061192 0.001729 0.0068146 0.00073136 0.028861 0.026899 0.0055303 0.002141 0.0029289 0.0017088 0.019391 0.13158 0.00046635 0.0017727 0.0014317 0.00041994 0.0014099 0.0013119 0.0016437 3.9355e-05
86 0.0015056 0.054511 0.15574 0.0066515 0.00028332 9.5094e-05 0.0039208 0.00071886 0.051524 0.00054304 0.015884 0.21361 0.00048962 0.049853 0.0009048 0.00016411 0.18981 0.0034487 0.00058703 0.0030622 0.00050071 0.0028191 0.0061309 0.0017086 0.0067305 0.00072077 0.028925 0.026573 0.0055436 0.0021615 0.002948 0.0017111 0.019457 0.13225 0.00045905 0.0017906 0.0014411 0.00041451 0.0014229 0.0012942 0.0016519 3.7882e-05
87 0.0014885 0.054194 0.15544 0.0068969 0.00027602 9.2522e-05 0.0039053 0.00070664 0.051593 0.00053209 0.015898 0.21319 0.00048069 0.050263 0.00089039 0.00016258 0.18978 0.0034528 0.00057791 0.0030597 0.00049289 0.0028184 0.006142 0.0016887 0.0066485 0.00071048 0.028986 0.026256 0.0055562 0.0021816 0.0029666 0.0017133 0.01952 0.13291 0.00045197 0.0018083 0.0014502 0.00040921 0.0014357 0.001277 0.0016597 3.6489e-05
88 0.0014719 0.053887 0.15516 0.0071476 0.00026903 9.006e-05 0.0038903 0.00069482 0.051661 0.00052154 0.015911 0.21278 0.00047206 0.050667 0.00087642 0.00016109 0.18974 0.0034567 0.00056906 0.003057 0.00048531 0.0028174 0.0061525 0.0016693 0.0065686 0.00070047 0.029044 0.025946 0.0055683 0.0022013 0.0029847 0.0017152 0.019581 0.13354 0.00044508 0.0018255 0.0014591 0.00040405 0.0014482 0.0012601 0.0016673 3.5169e-05
89 0.0014558 0.053589 0.15489 0.0074036 0.00026232 8.7704e-05 0.0038756 0.0006834 0.051728 0.00051137 0.015924 0.21237 0.00046372 0.051067 0.00086289 0.00015963 0.1897 0.0034604 0.00056047 0.0030543 0.00047795 0.0028163 0.0061624 0.0016504 0.0064907 0.00069075 0.029099 0.025644 0.0055798 0.0022208 0.0030024 0.001717 0.019639 0.13415 0.0004384 0.0018425 0.0014677 0.00039901 0.0014604 0.0012437 0.0016746 3.3918e-05
90 0.0014402 0.053299 0.15462 0.007665 0.0002559 8.5447e-05 0.0038612 0.00067235 0.051794 0.00050155 0.015937 0.21196 0.00045565 0.051461 0.00084977 0.00015821 0.18965 0.0034638 0.00055214 0.0030514 0.0004708 0.0028151 0.0061719 0.001632 0.0064147 0.00068129 0.029151 0.025349 0.0055907 0.0022398 0.0030197 0.0017186 0.019694 0.13474 0.0004319 0.0018591 0.001476 0.00039409 0.0014723 0.0012278 0.0016816 3.2731e-05
91 0.001425 0.053017 0.15437 0.0079318 0.00024973 8.3283e-05 0.0038471 0.00066165 0.051858 0.00049208 0.01595 0.21156 0.00044785 0.05185 0.00083704 0.00015681 0.18959 0.003467 0.00054404 0.0030484 0.00046386 0.0028137 0.0061808 0.001614 0.0063405 0.00067209 0.0292 0.025061 0.005601 0.0022586 0.0030365 0.00172 0.019748 0.13531 0.00042558 0.0018754 0.0014842 0.00038928 0.0014839 0.0012121 0.0016883 3.1604e-05
92 0.0014103 0.052742 0.15413 0.008204 0.0002438 8.1208e-05 0.0038333 0.00065128 0.051922 0.00048293 0.015962 0.21116 0.0004403 0.052235 0.00082469 0.00015545 0.18952 0.0034701 0.00053618 0.0030453 0.00045712 0.0028122 0.0061892 0.0015964 0.0062681 0.00066313 0.029247 0.02478 0.0056109 0.002277 0.0030529 0.0017214 0.019799 0.13587 0.00041944 0.0018914 0.0014921 0.00038459 0.0014954 0.0011969 0.0016947 3.0533e-05
93 0.001396 0.052475 0.1539 0.0084816 0.00023811 7.9216e-05 0.0038197 0.00064124 0.051984 0.00047408 0.015974 0.21077 0.00043299 0.052614 0.00081269 0.00015412 0.18945 0.0034729 0.00052854 0.0030421 0.00045057 0.0028105 0.0061972 0.0015792 0.0061975 0.0006544 0.029292 0.024505 0.0056202 0.0022951 0.0030689 0.0017225 0.019847 0.1364 0.00041346 0.001907 0.0014998 0.00038001 0.0015065 0.001182 0.0017009 2.9514e-05
94 0.001382 0.052215 0.15367 0.0087646 0.00023263 7.7302e-05 0.0038065 0.0006315 0.052046 0.00046553 0.015985 0.21038 0.00042591 0.052989 0.00080105 0.00015281 0.18937 0.0034755 0.00052111 0.0030388 0.00044419 0.0028088 0.0062047 0.0015624 0.0061285 0.00064591 0.029334 0.024237 0.0056291 0.0023129 0.0030845 0.0017236 0.019894 0.13692 0.00040765 0.0019224 0.0015072 0.00037554 0.0015174 0.0011675 0.0017069 2.8544e-05
95 0.0013685 0.051961 0.15346 0.0090531 0.00022736 7.5463e-05 0.0037935 0.00062206 0.052106 0.00045726 0.015996 0.20999 0.00041905 0.05336 0.00078973 0.00015154 0.18929 0.003478 0.00051389 0.0030355 0.00043799 0.0028069 0.0062118 0.0015459 0.0060611 0.00063763 0.029374 0.023975 0.0056375 0.0023303 0.0030998 0.0017245 0.019939 0.13743 0.00040198 0.0019376 0.0015145 0.00037116 0.0015281 0.0011533 0.0017126 2.7621e-05
96 0.0013553 0.051713 0.15325 0.0093471 0.00022229 7.3695e-05 0.0037808 0.0006129 0.052165 0.00044926 0.016007 0.20961 0.00041239 0.053726 0.00077872 0.00015029 0.1892 0.0034803 0.00050686 0.003032 0.00043196 0.0028049 0.0062184 0.0015299 0.0059953 0.00062956 0.029412 0.023719 0.0056455 0.0023475 0.0031147 0.0017253 0.019982 0.13792 0.00039647 0.0019524 0.0015216 0.00036689 0.0015386 0.0011395 0.0017181 2.674e-05
97 0.0013425 0.051472 0.15305 0.0096466 0.00021741 7.1994e-05 0.0037683 0.000604 0.052223 0.00044151 0.016017 0.20923 0.00040594 0.054088 0.00076802 0.00014906 0.1891 0.0034824 0.00050001 0.0030285 0.00042609 0.0028029 0.0062247 0.0015142 0.0059309 0.00062169 0.029448 0.023468 0.0056531 0.0023644 0.0031292 0.001726 0.020023 0.13839 0.00039109 0.001967 0.0015284 0.00036271 0.0015488 0.001126 0.0017234 2.5901e-05
98 0.00133 0.051237 0.15285 0.0099516 0.0002127 7.0356e-05 0.003756 0.00059536 0.05228 0.000434 0.016027 0.20885 0.00039967 0.054445 0.00075761 0.00014786 0.189 0.0034844 0.00049335 0.003025 0.00042037 0.0028007 0.0062306 0.0014988 0.005868 0.00061401 0.029481 0.023223 0.0056602 0.0023811 0.0031434 0.0017266 0.020062 0.13885 0.00038586 0.0019812 0.0015351 0.00035862 0.0015589 0.0011127 0.0017285 2.5099e-05
99 0.0013178 0.051007 0.15267 0.010262 0.00020816 6.8778e-05 0.003744 0.00058697 0.052336 0.00042673 0.016037 0.20847 0.00039359 0.054798 0.00074748 0.00014668 0.1889 0.0034862 0.00048686 0.0030213 0.0004148 0.0027985 0.0062362 0.0014838 0.0058065 0.00060653 0.029513 0.022984 0.005667 0.0023974 0.0031573 0.0017271 0.020099 0.1393 0.00038075 0.0019953 0.0015416 0.00035463 0.0015687 0.0010998 0.0017334 2.4334e-05
100 0.001306 0.050782 0.15249 0.010578 0.00020379 6.7258e-05 0.0037321 0.00057881 0.052391 0.00041967 0.016046 0.2081 0.00038768 0.055147 0.00073762 0.00014553 0.18879 0.0034879 0.00048054 0.0030176 0.00040937 0.0027961 0.0062413 0.0014691 0.0057463 0.00059922 0.029543 0.022749 0.0056734 0.0024135 0.0031708 0.0017274 0.020135 0.13973 0.00037578 0.0020091 0.001548 0.00035072 0.0015783 0.0010872 0.0017381 2.3602e-05
101 0.0012944 0.050563 0.15231 0.0109 0.00019956 6.5792e-05 0.0037205 0.00057088 0.052445 0.00041283 0.016055 0.20773 0.00038194 0.055492 0.00072801 0.0001444 0.18868 0.0034894 0.00047438 0.0030139 0.00040408 0.0027937 0.0062462 0.0014547 0.0056874 0.00059209 0.029571 0.022519 0.0056794 0.0024293 0.003184 0.0017277 0.020169 0.14015 0.00037092 0.0020226 0.0015541 0.00034689 0.0015877 0.0010748 0.0017426 2.2903e-05
102 0.0012831 0.050348 0.15214 0.011227 0.00019548 6.4378e-05 0.0037091 0.00056316 0.052498 0.00040619 0.016064 0.20737 0.00037636 0.055833 0.00071865 0.00014329 0.18856 0.0034908 0.00046837 0.0030101 0.00039893 0.0027913 0.0062507 0.0014406 0.0056298 0.00058512 0.029598 0.022295 0.0056851 0.0024449 0.0031969 0.0017279 0.020202 0.14055 0.00036619 0.0020359 0.0015601 0.00034315 0.0015969 0.0010627 0.001747 2.2233e-05
103 0.0012721 0.050138 0.15198 0.01156 0.00019154 6.3013e-05 0.0036978 0.00055565 0.05255 0.00039975 0.016073 0.207 0.00037093 0.05617 0.00070953 0.0001422 0.18844 0.0034921 0.00046251 0.0030062 0.00039389 0.0027887 0.0062549 0.0014267 0.0055733 0.00057832 0.029622 0.022074 0.0056904 0.0024602 0.0032095 0.001728 0.020233 0.14094 0.00036157 0.002049 0.001566 0.00033948 0.0016059 0.0010509 0.0017511 2.1592e-05
104 0.0012613 0.049933 0.15182 0.011898 0.00018773 6.1695e-05 0.0036868 0.00054833 0.052601 0.00039349 0.016081 0.20664 0.00036566 0.056502 0.00070064 0.00014113 0.18831 0.0034932 0.00045679 0.0030023 0.00038899 0.0027861 0.0062588 0.0014132 0.0055181 0.00057167 0.029646 0.021859 0.0056955 0.0024752 0.0032218 0.001728 0.020263 0.14133 0.00035705 0.0020618 0.0015716 0.00033589 0.0016148 0.0010393 0.0017551 2.0978e-05
105 0.0012508 0.049732 0.15167 0.012243 0.00018404 6.0422e-05 0.0036759 0.00054121 0.052651 0.00038741 0.016089 0.20628 0.00036052 0.056832 0.00069196 0.00014008 0.18818 0.0034942 0.00045121 0.0029984 0.0003842 0.0027834 0.0062624 0.0014 0.005464 0.00056517 0.029667 0.021648 0.0057002 0.00249 0.0032339 0.0017279 0.020292 0.14169 0.00035265 0.0020744 0.0015772 0.00033238 0.0016234 0.0010279 0.0017589 2.0389e-05
106 0.0012406 0.049536 0.15152 0.012592 0.00018047 5.9191e-05 0.0036652 0.00053428 0.052701 0.0003815 0.016097 0.20593 0.00035552 0.057157 0.0006835 0.00013906 0.18805 0.0034951 0.00044577 0.0029944 0.00037952 0.0027806 0.0062657 0.001387 0.005411 0.00055882 0.029687 0.021441 0.0057046 0.0025046 0.0032457 0.0017278 0.020319 0.14205 0.00034834 0.0020868 0.0015826 0.00032893 0.0016319 0.0010168 0.0017626 1.9825e-05
107 0.0012305 0.049343 0.15138 0.012948 0.00017702 5.8001e-05 0.0036547 0.00052752 0.052749 0.00037575 0.016104 0.20557 0.00035065 0.057479 0.00067525 0.00013804 0.18792 0.0034959 0.00044045 0.0029903 0.00037495 0.0027778 0.0062687 0.0013742 0.0053591 0.00055261 0.029706 0.021238 0.0057087 0.002519 0.0032571 0.0017276 0.020344 0.1424 0.00034414 0.0020989 0.0015878 0.00032556 0.0016402 0.001006 0.0017661 1.9283e-05
108 0.0012207 0.049154 0.15124 0.013309 0.00017368 5.685e-05 0.0036443 0.00052092 0.052796 0.00037017 0.016111 0.20522 0.0003459 0.057797 0.00066719 0.00013705 0.18778 0.0034966 0.00043526 0.0029863 0.00037049 0.002775 0.0062715 0.0013617 0.0053082 0.00054654 0.029723 0.021039 0.0057125 0.0025331 0.0032684 0.0017273 0.020369 0.14274 0.00034003 0.0021109 0.0015929 0.00032225 0.0016484 0.00099531 0.0017695 1.8762e-05
109 0.0012111 0.048969 0.1511 0.013675 0.00017045 5.5737e-05 0.0036341 0.0005145 0.052842 0.00036473 0.016118 0.20487 0.00034128 0.058111 0.00065932 0.00013608 0.18763 0.0034972 0.00043018 0.0029822 0.00036613 0.0027721 0.006274 0.0013495 0.0052583 0.0005406 0.029739 0.020844 0.0057161 0.002547 0.0032794 0.0017269 0.020392 0.14306 0.00033601 0.0021227 0.0015979 0.00031901 0.0016564 0.00098487 0.0017727 1.8263e-05
110 0.0012018 0.048788 0.15097 0.014048 0.00016731 5.4658e-05 0.003624 0.00050823 0.052888 0.00035944 0.016124 0.20453 0.00033677 0.058422 0.00065163 0.00013512 0.18749 0.0034976 0.00042522 0.002978 0.00036187 0.0027691 0.0062763 0.0013374 0.0052094 0.00053478 0.029754 0.020653 0.0057194 0.0025607 0.0032901 0.0017265 0.020415 0.14338 0.00033209 0.0021342 0.0016027 0.00031583 0.0016642 0.00097465 0.0017758 1.7782e-05
111 0.0011926 0.04861 0.15085 0.014426 0.00016427 5.3614e-05 0.0036141 0.00050211 0.052932 0.00035429 0.016131 0.20418 0.00033238 0.058729 0.00064412 0.00013418 0.18734 0.003498 0.00042038 0.0029739 0.00035771 0.0027661 0.0062783 0.0013257 0.0051614 0.00052909 0.029767 0.020465 0.0057224 0.0025742 0.0033006 0.001726 0.020436 0.14368 0.00032825 0.0021455 0.0016074 0.00031272 0.0016718 0.00096462 0.0017788 1.732e-05
112 0.0011836 0.048436 0.15072 0.014809 0.00016132 5.2602e-05 0.0036043 0.00049614 0.052975 0.00034927 0.016137 0.20384 0.00032809 0.059033 0.00063678 0.00013325 0.18719 0.0034982 0.00041563 0.0029697 0.00035364 0.002763 0.0062801 0.0013141 0.0051144 0.00052352 0.02978 0.020281 0.0057252 0.0025874 0.0033108 0.0017255 0.020456 0.14398 0.00032449 0.0021567 0.001612 0.00030966 0.0016793 0.0009548 0.0017816 1.6876e-05
113 0.0011748 0.048264 0.1506 0.015199 0.00015846 5.1621e-05 0.0035947 0.00049031 0.053018 0.00034438 0.016143 0.2035 0.00032391 0.059333 0.00062961 0.00013234 0.18704 0.0034984 0.000411 0.0029655 0.00034966 0.0027599 0.0062817 0.0013027 0.0050682 0.00051807 0.029791 0.0201 0.0057278 0.0026005 0.0033209 0.0017249 0.020474 0.14427 0.00032082 0.0021677 0.0016165 0.00030666 0.0016867 0.00094516 0.0017843 1.6448e-05
114 0.0011662 0.048096 0.15048 0.015594 0.00015569 5.067e-05 0.0035851 0.00048461 0.05306 0.00033962 0.016148 0.20316 0.00031983 0.059631 0.00062259 0.00013144 0.18688 0.0034985 0.00040646 0.0029612 0.00034576 0.0027568 0.006283 0.0012916 0.0050229 0.00051272 0.029801 0.019923 0.0057301 0.0026133 0.0033306 0.0017242 0.020492 0.14455 0.00031722 0.0021784 0.0016208 0.00030372 0.0016939 0.00093572 0.0017869 1.6036e-05
115 0.0011577 0.047931 0.15037 0.015995 0.00015299 4.9747e-05 0.0035757 0.00047905 0.053101 0.00033497 0.016153 0.20282 0.00031585 0.059924 0.00061573 0.00013056 0.18672 0.0034985 0.00040202 0.002957 0.00034195 0.0027536 0.0062842 0.0012806 0.0049785 0.00050749 0.029809 0.019749 0.0057322 0.002626 0.0033402 0.0017235 0.020509 0.14482 0.0003137 0.002189 0.001625 0.00030084 0.001701 0.00092645 0.0017894 1.5639e-05
