# nuebar-Oxygen Excitation Energy Probability Database (Obtained from Nakazato,Suzuki,Sakuda
# paper. Arxiv: 1809.08398v1,  DOI: 10.1093/ptep/0000000000 
# Excitation Energy (MeV) low to high, parity(0 = +,1 = -),partial xscn at 20,40,60 MeV,
# and Ag,Bg,Cg coefficients (of the fit in the paper) extracted by me, (Baran Bodur)
# Ground State Threshold Energy = 10.93 MeV, subtract to get excitation energy of FS nucleus

10.93 0 1 5.82e-45 6.16e-44 1.88e-43
11.18 1 1 4.52e-44 1.42e-42 5.63e-42
11.23 2 1 7.30e-44 2.97e-42 1.41e-41
11.27 3 1 0 6.13e-45 1.67e-43
14.28 1 0 2.72e-45 3.58e-44 5.76e-44
15.05 1 0 9.78e-46 1.33e-44 2.02e-44
15.44 2 1 7.00e-46 7.65e-44 3.72e-43
16.30 1 0 1.27e-45 4.16e-44 1.07e-43
16.59 1 1 1.77e-45 6.15e-43 4.05e-42
17.56 1 0 6.55e-46 4.03e-44 9.00e-44
17.64 2 1 5.15e-46 1.88e-43 1.26e-42
18.50 2 1 3.76e-45 3.11e-42 1.86e-41
18.59 1 0 1.56e-46 3.00e-44 7.56e-44
19.30 1 1 1.00e-47 2.85e-43 3.03e-42
20.05 1 0 0 4.33e-44 1.28e-43
20.48 1 0 0 4.23e-45 1.83e-44
21.54 1 1 0 2.01e-42 1.52e-41
21.74 1 1 0 3.19e-44 2.63e-43
22.21 1 0 0 2.53e-44 8.12e-44
22.75 1 1 0 3.21e-44 2.49e-43
23.03 1 0 0 2.11e-44 6.92e-44
23.24 1 1 0 2.72e-44 2.24e-43
23.28 2 1 0 4.84e-44 4.52e-43
23.42 1 0 0 4.83e-44 2.04e-43
23.60 0 1 0 1.99e-43 8.19e-43
23.70 1 0 0 2.60e-44 9.46e-44
23.85 2 1 0 2.13e-43 2.10e-42
24.01 0 1 0 7.54e-43 3.20e-42
24.13 2 1 0 3.93e-44 3.99e-43
24.17 1 1 0 7.78e-45 1.21e-43
24.54 1 1 0 1.37e-44 1.83e-43
24.95 2 1 0 1.26e-44 1.27e-43
25.22 1 1 0 1.15e-43 1.34e-42
25.38 1 1 0 6.53e-43 8.56e-42
25.59 1 0 0 1.71e-44 6.23e-44
26.00 1 1 0 5.11e-45 9.65e-44
26.27 1 1 0 5.68e-45 8.79e-44
26.70 1 0 0 1.11e-44 5.07e-44
26.83 1 1 0 4.04e-45 7.84e-44
27.31 1 0 0 3.54e-44 1.61e-43
27.78 1 1 0 6.49e-45 1.05e-43
28.60 1 0 0 1.27e-44 1.14e-44

