1 0 0 0 0 0 0 0 0 0 0 0 0 0 0 0 0 0 0 0 0
2 0 0 0 0 0 0 0 0 0 0 0 0 0 0 0 0 0 0 0 0
3 0 0 0 0 0 0 0 0 0 0 0 0 0 0 0 0 0 0 0 0
4 0 0 0 0 0 0 0 0 0 0 0 0 0 0 0 0 0 0 0 0
5 0 0 0 0 0 0 0 0 0 0 0 0 0 0 0 0 0 0 0 0
6 0 0 0 0 0 0 0 0 0 0 0 0 0 0 0 0 0 0 0 0
7 0 0 0 0 0 0 0 0 0 0 0 0 0 0 0 0 0 0 0 0
8 0 0 0 0 0 0 0 0 0 0 0 0 0 0 0 0 0 0 0 0
9 0 0 0 0 0 0 0 0 0 0 0 0 0 0 0 0 0 0 0 0
10 0 0 0 0 0 0 0 0 0 0 0 0 0 0 0 0 0 0 0 0
11 0 0 0 0 0 0 0 0 0 0 0 0 0 0 0 0 0 0 0 0
12 0 0 0 0 0 0 0 0 0 0 0 0 0 0 0 0 0 0 0 0
13 5.2273e-10 6.0783e-10 6.5677e-10 6.7625e-10 6.7362e-10 6.719e-10 6.7108e-10 6.6612e-10 6.1826e-10 5.7041e-10 5.5587e-10 5.7465e-10 5.9344e-10 5.5798e-10 5.1727e-10 4.6717e-10 4.0769e-10 3.7452e-10 3.764e-10 3.6968e-10
14 2.6391e-08 2.9234e-08 2.9786e-08 2.9675e-08 2.9065e-08 2.8016e-08 2.6527e-08 2.5068e-08 2.3918e-08 2.2768e-08 2.1693e-08 2.0691e-08 1.9689e-08 1.8669e-08 1.7647e-08 1.657e-08 1.5438e-08 1.4385e-08 1.3437e-08 1.3207e-08
15 6.9957e-08 7.2554e-08 7.1415e-08 6.9155e-08 6.6053e-08 6.3023e-08 6.0063e-08 5.7161e-08 5.484e-08 5.2519e-08 5.0122e-08 4.7648e-08 4.5174e-08 4.2813e-08 4.0463e-08 3.8206e-08 3.6042e-08 3.3636e-08 3.0908e-08 2.963e-08
16 1.3859e-07 1.408e-07 1.3611e-07 1.3033e-07 1.2372e-07 1.1812e-07 1.1352e-07 1.0888e-07 1.0385e-07 9.8819e-08 9.425e-08 9.0144e-08 8.6039e-08 8.1516e-08 7.6953e-08 7.229e-08 6.7526e-08 6.2908e-08 5.8482e-08 5.4449e-08
17 2.4281e-07 2.4576e-07 2.3483e-07 2.2505e-07 2.1613e-07 2.071e-07 1.9797e-07 1.8885e-07 1.7981e-07 1.7078e-07 1.6216e-07 1.5397e-07 1.4577e-07 1.3742e-07 1.2906e-07 1.2079e-07 1.126e-07 1.045e-07 9.6518e-08 8.9216e-08
18 4.9769e-07 4.9334e-07 4.7056e-07 4.4999e-07 4.3107e-07 4.1255e-07 3.9442e-07 3.7631e-07 3.5841e-07 3.405e-07 3.2274e-07 3.0511e-07 2.8748e-07 2.6993e-07 2.524e-07 2.3502e-07 2.1781e-07 2.009e-07 1.8438e-07 1.6987e-07
19 8.0352e-07 7.768e-07 7.4619e-07 7.1488e-07 6.8304e-07 6.5201e-07 6.2178e-07 5.9169e-07 5.629e-07 5.3412e-07 5.0526e-07 4.7635e-07 4.4743e-07 4.1836e-07 3.8927e-07 3.6099e-07 3.3351e-07 3.0643e-07 2.7989e-07 2.5457e-07
20 1.4245e-06 1.3761e-06 1.32e-06 1.2646e-06 1.2099e-06 1.1551e-06 1.1002e-06 1.0453e-06 9.9065e-07 9.3595e-07 8.8243e-07 8.3009e-07 7.7775e-07 7.2463e-07 6.7144e-07 6.1986e-07 5.6989e-07 5.2072e-07 4.7262e-07 4.2716e-07
21 2.2172e-06 2.1356e-06 2.0489e-06 1.9619e-06 1.8747e-06 1.788e-06 1.7017e-06 1.6155e-06 1.5287e-06 1.442e-06 1.356e-06 1.2706e-06 1.1852e-06 1.1021e-06 1.0192e-06 9.3773e-07 8.5766e-07 7.786e-07 7.0089e-07 6.2786e-07
22 3.5178e-06 3.3847e-06 3.2446e-06 3.1039e-06 2.9628e-06 2.8216e-06 2.6805e-06 2.5396e-06 2.4016e-06 2.2637e-06 2.1255e-06 1.9871e-06 1.8486e-06 1.7144e-06 1.5806e-06 1.4486e-06 1.3183e-06 1.19e-06 1.0643e-06 9.4527e-07
23 4.828e-06 4.6471e-06 4.4512e-06 4.255e-06 4.0583e-06 3.8629e-06 3.6688e-06 3.4747e-06 3.2807e-06 3.0868e-06 2.8937e-06 2.7012e-06 2.5087e-06 2.3214e-06 2.1346e-06 1.95e-06 1.7674e-06 1.5872e-06 1.4104e-06 1.2426e-06
24 6.1527e-06 5.9188e-06 5.6618e-06 5.4085e-06 5.1578e-06 4.9076e-06 4.6578e-06 4.4082e-06 4.1603e-06 3.9124e-06 3.6653e-06 3.419e-06 3.1727e-06 2.9296e-06 2.6869e-06 2.4461e-06 2.2072e-06 1.9728e-06 1.7444e-06 1.5281e-06
25 8.2916e-06 7.9733e-06 7.6267e-06 7.2843e-06 6.945e-06 6.6067e-06 6.2693e-06 5.9318e-06 5.5932e-06 5.2545e-06 4.9182e-06 4.5841e-06 4.2501e-06 3.9165e-06 3.583e-06 3.2528e-06 2.9257e-06 2.6046e-06 2.2914e-06 1.9941e-06
26 1.0992e-05 1.0546e-05 1.0093e-05 9.6446e-06 9.1995e-06 8.7501e-06 8.2965e-06 7.8431e-06 7.3931e-06 6.9431e-06 6.4949e-06 6.0485e-06 5.6021e-06 5.1542e-06 4.7061e-06 4.2633e-06 3.8255e-06 3.3956e-06 2.9762e-06 2.5735e-06
27 1.3673e-05 1.3139e-05 1.2577e-05 1.2015e-05 1.1454e-05 1.0891e-05 1.0328e-05 9.7643e-06 9.1992e-06 8.6341e-06 8.0708e-06 7.5093e-06 6.9478e-06 6.3862e-06 5.8246e-06 5.2695e-06 4.7208e-06 4.1789e-06 3.6461e-06 3.1406e-06
28 1.6932e-05 1.6264e-05 1.5573e-05 1.4881e-05 1.4187e-05 1.349e-05 1.279e-05 1.209e-05 1.1389e-05 1.0689e-05 9.9871e-06 9.2836e-06 8.5802e-06 7.8813e-06 7.1828e-06 6.49e-06 5.8028e-06 5.1258e-06 4.4622e-06 3.8268e-06
29 2.1828e-05 2.0962e-05 2.0068e-05 1.9171e-05 1.8273e-05 1.7374e-05 1.6474e-05 1.5573e-05 1.4665e-05 1.3758e-05 1.2849e-05 1.1938e-05 1.1027e-05 1.0123e-05 9.2191e-06 8.3208e-06 7.4279e-06 6.5468e-06 5.6813e-06 4.8512e-06
30 2.6698e-05 2.5656e-05 2.4559e-05 2.3463e-05 2.2369e-05 2.1269e-05 2.0163e-05 1.9056e-05 1.7944e-05 1.6832e-05 1.5718e-05 1.4603e-05 1.3488e-05 1.2372e-05 1.1255e-05 1.0145e-05 9.041e-06 7.9528e-06 6.886e-06 5.8528e-06
31 3.1653e-05 3.0387e-05 2.9093e-05 2.7794e-05 2.6489e-05 2.5177e-05 2.3857e-05 2.2537e-05 2.1221e-05 1.9905e-05 1.8584e-05 1.7258e-05 1.5932e-05 1.4601e-05 1.3269e-05 1.1947e-05 1.0634e-05 9.3338e-06 8.0517e-06 6.8165e-06
32 3.8658e-05 3.7099e-05 3.5512e-05 3.3926e-05 3.2341e-05 3.0742e-05 2.9128e-05 2.7514e-05 2.5899e-05 2.4284e-05 2.2663e-05 2.1035e-05 1.9407e-05 1.7766e-05 1.6123e-05 1.4494e-05 1.2878e-05 1.1279e-05 9.7006e-06 8.1743e-06
33 4.7499e-05 4.5591e-05 4.365e-05 4.1701e-05 3.9746e-05 3.7774e-05 3.5784e-05 3.3795e-05 3.1802e-05 2.9809e-05 2.7806e-05 2.5794e-05 2.3782e-05 2.1755e-05 1.9726e-05 1.771e-05 1.5706e-05 1.3719e-05 1.1753e-05 9.8489e-06
34 5.6388e-05 5.4098e-05 5.1807e-05 4.9499e-05 4.7178e-05 4.4843e-05 4.2492e-05 4.0138e-05 3.7746e-05 3.5354e-05 3.2954e-05 3.0545e-05 2.8136e-05 2.5717e-05 2.3297e-05 2.0887e-05 1.8488e-05 1.6103e-05 1.3737e-05 1.1449e-05
35 6.5324e-05 6.266e-05 6.0021e-05 5.7354e-05 5.4664e-05 5.195e-05 4.9212e-05 4.647e-05 4.3687e-05 4.0904e-05 3.8108e-05 3.5299e-05 3.2491e-05 2.9671e-05 2.6851e-05 2.4031e-05 2.1212e-05 1.8415e-05 1.5648e-05 1.2961e-05
36 7.6329e-05 7.3251e-05 7.014e-05 6.701e-05 6.3865e-05 6.0682e-05 5.7461e-05 5.4238e-05 5.0995e-05 4.7752e-05 4.4476e-05 4.1166e-05 3.7857e-05 3.4537e-05 3.1217e-05 2.7885e-05 2.4542e-05 2.1228e-05 1.7955e-05 1.4765e-05
37 8.786e-05 8.4312e-05 8.0736e-05 7.7139e-05 7.3528e-05 6.9867e-05 6.6155e-05 6.2439e-05 5.8682e-05 5.4924e-05 5.1131e-05 4.7304e-05 4.3477e-05 3.962e-05 3.5761e-05 3.1886e-05 2.7996e-05 2.413e-05 2.0297e-05 1.6562e-05
38 9.942e-05 9.5447e-05 9.1424e-05 8.7346e-05 8.3227e-05 7.9062e-05 7.4853e-05 7.0638e-05 6.6367e-05 6.2096e-05 5.7788e-05 5.3444e-05 4.9099e-05 4.4695e-05 4.0285e-05 3.5854e-05 3.1402e-05 2.6966e-05 2.2549e-05 1.8257e-05
39 0.00011222 0.0001083 0.00010426 0.00010014 9.5949e-05 9.1649e-05 8.7234e-05 8.2786e-05 7.7998e-05 7.321e-05 6.5752e-05 5.5625e-05 4.5497e-05 4.4349e-05 4.407e-05 4.1074e-05 3.5363e-05 2.9597e-05 2.3759e-05 1.789e-05
40 0.00012815 0.00012393 0.00011931 0.00011462 0.00010988 0.00010497 9.9884e-05 9.4769e-05 8.9335e-05 8.39e-05 7.5551e-05 6.4287e-05 5.3024e-05 5.1401e-05 5.0709e-05 4.7045e-05 4.0407e-05 3.3703e-05 2.691e-05 2.0055e-05
41 0.00014394 0.00013919 0.00013414 0.00012897 0.00012371 0.00011825 0.00011257 0.00010686 0.00010073 9.4603e-05 8.5407e-05 7.3144e-05 6.0882e-05 5.8658e-05 5.7404e-05 5.2997e-05 4.5435e-05 3.7774e-05 2.9981e-05 2.2158e-05
42 0.00015948 0.00015439 0.00014886 0.0001432 0.00013745 0.00013145 0.00012521 0.00011892 0.0001121 0.00010527 9.5296e-05 8.2169e-05 6.9041e-05 6.6108e-05 6.416e-05 5.8947e-05 5.0469e-05 4.1847e-05 3.3037e-05 2.4168e-05
43 0.00017854 0.00017294 0.00016686 0.00016057 0.00015412 0.00014746 0.0001406 0.00013367 0.00012603 0.00011838 0.00010748 9.331e-05 7.9144e-05 7.5305e-05 7.2466e-05 6.6225e-05 5.6584e-05 4.6773e-05 3.6738e-05 2.6682e-05
44 0.00019966 0.00019351 0.00018682 0.00017991 0.00017281 0.00016544 0.0001578 0.00015008 0.0001416 0.00013313 0.00012126 0.000106 9.0741e-05 8.5795e-05 8.1846e-05 7.4406e-05 6.3474e-05 5.2326e-05 4.0891e-05 2.9444e-05
45 0.00022037 0.00021367 0.00020662 0.00019918 0.00019143 0.00018339 0.00017505 0.00016662 0.00015724 0.00014786 0.00013506 0.00011884 0.00010262 9.6473e-05 9.1295e-05 8.2592e-05 7.0364e-05 5.7877e-05 4.5043e-05 3.2087e-05
46 0.00024097 0.00023381 0.00022614 0.00021816 0.00020995 0.0002013 0.00019221 0.00018301 0.00017281 0.00016262 0.00014899 0.00013193 0.00011486 0.00010743 0.00010092 9.0853e-05 7.7232e-05 6.3345e-05 4.9103e-05 3.4624e-05
47 0.00026562 0.00025802 0.00024968 0.00024099 0.00023203 0.00022258 0.00021266 0.00020262 0.0001915 0.00018037 0.00016577 0.00014771 0.00012964 0.00012066 0.00011256 0.00010089 8.5646e-05 7.0048e-05 5.3978e-05 3.7648e-05
48 0.00028974 0.0002816 0.00027286 0.00026362 0.00025402 0.00024389 0.00023323 0.00022245 0.0002103 0.00019815 0.00018261 0.00016367 0.00014473 0.00013412 0.00012433 0.00011098 9.4068e-05 7.6734e-05 5.8831e-05 4.0648e-05
49 0.00031362 0.000305 0.00029579 0.00028605 0.00027591 0.00026512 0.0002537 0.00024213 0.00022902 0.00021592 0.00019953 0.00017986 0.00016018 0.00014783 0.0001362 0.0001211 0.00010256 8.3488e-05 6.3726e-05 4.3588e-05
50 0.0003396 0.00033057 0.00032098 0.00031065 0.00029975 0.00028822 0.00027606 0.00026373 0.00024963 0.00023553 0.00021828 0.00019786 0.00017744 0.00016313 0.00014942 0.00013237 0.00011197 9.0949e-05 6.9091e-05 4.6802e-05
51 0.00036882 0.00035949 0.00034938 0.0003384 0.00032677 0.00031448 0.00030153 0.00028839 0.0002732 0.00025801 0.00023974 0.0002184 0.00019705 0.00018052 0.00016446 0.00014519 0.0001227 9.9465e-05 7.5237e-05 5.0451e-05
52 0.00039763 0.00038785 0.00037736 0.00036587 0.00035363 0.00034064 0.00032689 0.00031292 0.00029669 0.00028046 0.00026132 0.00023925 0.00021718 0.0001983 0.00017973 0.00015814 0.00013354 0.00010808 8.1494e-05 5.403e-05
53 0.00042591 0.00041561 0.00040479 0.00039292 0.00038025 0.00036669 0.00035224 0.00033754 0.00032029 0.00030304 0.00028307 0.00026038 0.00023768 0.00021644 0.00019534 0.00017135 0.00014449 0.00011669 8.7652e-05 5.7482e-05
54 0.00045927 0.00044876 0.00043771 0.00042536 0.00041204 0.00039769 0.00038231 0.00036668 0.00034831 0.00032995 0.00030902 0.00028552 0.00026202 0.000238 0.00021392 0.00018715 0.00015768 0.00012709 9.5008e-05 6.1651e-05
55 0.00049368 0.00048283 0.0004714 0.00045862 0.00044482 0.00042982 0.00041363 0.00039713 0.00037753 0.00035792 0.00033605 0.0003119 0.00028775 0.00026074 0.00023346 0.00020373 0.00017157 0.00013806 0.00010276 6.6018e-05
56 0.00052706 0.00051652 0.00050474 0.00049155 0.00047729 0.00046167 0.00044469 0.00042738 0.00040664 0.0003859 0.00036323 0.00033863 0.00031402 0.00028393 0.00025331 0.00022056 0.00018568 0.00014923 0.00011068 7.0366e-05
57 0.00056261 0.00055193 0.00054006 0.00052649 0.00051162 0.00049541 0.00047783 0.00045986 0.00043788 0.00041591 0.00039241 0.00036739 0.00034237 0.00030898 0.00027478 0.00023876 0.00020093 0.00016127 0.00011918 7.5097e-05
58 0.00060741 0.00059687 0.00058459 0.0005705 0.00055503 0.00053811 0.00051972 0.00050088 0.00047734 0.0004538 0.00042914 0.00040335 0.00037757 0.00034013 0.00030157 0.00026156 0.00022009 0.00017645 0.00012993 8.1083e-05
59 0.00065123 0.00064043 0.00062848 0.00061422 0.00059821 0.00058061 0.00056141 0.00054169 0.0005167 0.00049171 0.00046604 0.0004397 0.00041336 0.00037186 0.0003289 0.0002848 0.00023958 0.00019189 0.00014093 8.6963e-05
60 0.00069428 0.00068303 0.0006713 0.00065701 0.0006408 0.00062277 0.00060293 0.00058252 0.00055629 0.00053005 0.0005035 0.00047663 0.00044976 0.00040411 0.00035663 0.00030838 0.00025935 0.00020751 0.00015195 9.2763e-05
61 0.00073503 0.00072434 0.00071271 0.00069836 0.00068197 0.00066361 0.00064328 0.00062232 0.00059494 0.00056757 0.00054033 0.00051324 0.00048614 0.00043629 0.00038423 0.00033184 0.00027912 0.00022313 0.00016279 9.8267e-05
62 0.00077414 0.00076432 0.00075277 0.00073844 0.00072202 0.00070343 0.00068267 0.00066124 0.00063296 0.00060468 0.00057697 0.00054982 0.00052268 0.00046867 0.00041205 0.00035546 0.00029888 0.00023871 0.00017376 0.00010372
63 0.00081237 0.00080317 0.00079189 0.0007778 0.00076159 0.00074298 0.00072197 0.00070024 0.00067103 0.00064183 0.00061377 0.00058686 0.00055995 0.0005016 0.0004402 0.00037936 0.00031906 0.00025469 0.00018491 0.00010965
64 0.00084876 0.00084108 0.00083019 0.00081641 0.00080047 0.00078193 0.0007608 0.0007389 0.00070901 0.00067911 0.00065089 0.00062435 0.00059781 0.00053527 0.00046924 0.00040412 0.00033991 0.00027115 0.00019633 0.00011547
65 0.00089702 0.00089074 0.00088008 0.00086658 0.00085094 0.00083234 0.00081078 0.00078839 0.00075741 0.00072643 0.00069771 0.00067125 0.00064478 0.00057709 0.00050541 0.00043505 0.000366 0.00029181 0.00021075 0.00012293
66 0.00094285 0.00093877 0.00092868 0.00091582 0.00090088 0.00088241 0.0008604 0.00083752 0.00080567 0.00077382 0.00074482 0.00071869 0.00069255 0.00061984 0.00054262 0.00046697 0.0003929 0.00031305 0.00022553 0.00013046
67 0.00098838 0.00098445 0.00097549 0.0009636 0.00094951 0.00093178 0.00091043 0.00088805 0.00085502 0.000822 0.00079256 0.00076669 0.00074082 0.00066304 0.00058023 0.00049928 0.00042018 0.0003346 0.00024039 0.0001378
68 0.0010364 0.0010342 0.0010255 0.0010145 0.0010018 0.00098511 0.00096437 0.00094244 0.00090815 0.00087386 0.00084398 0.00081853 0.00079308 0.00070983 0.00062099 0.00053438 0.00045001 0.00035827 0.00025671 0.00014579
69 0.0010901 0.0010887 0.0010822 0.0010722 0.0010596 0.0010433 0.0010232 0.0010019 0.00096658 0.0009313 0.00090122 0.00087633 0.00085144 0.00076212 0.00066656 0.00057364 0.00048335 0.00038473 0.00027502 0.00015457
70 0.0011402 0.0011422 0.001137 0.0011283 0.0011169 0.0011016 0.0010822 0.0010613 0.0010254 0.00098946 0.00095924 0.00093473 0.00091021 0.00081476 0.00071245 0.00061326 0.0005172 0.00041175 0.00029382 0.00016401
71 0.0011915 0.0011964 0.0011914 0.0011835 0.0011736 0.0011591 0.00114 0.0011195 0.0010833 0.001047 0.0010171 0.00099328 0.00096951 0.00086826 0.00075952 0.00065409 0.00055198 0.00043948 0.00031313 0.00017361
72 0.0012336 0.0012415 0.0012373 0.001231 0.001223 0.0012096 0.0011908 0.0011704 0.0011345 0.0010986 0.0010692 0.0010464 0.0010236 0.00091739 0.00080309 0.00069206 0.00058431 0.00046514 0.00033076 0.00018201
73 0.0012722 0.0012832 0.0012804 0.0012759 0.0012701 0.001258 0.0012396 0.0012197 0.0011841 0.0011485 0.00112 0.0010985 0.001077 0.00096594 0.00084624 0.00072977 0.00061654 0.00049076 0.0003483 0.00019033
74 0.0013114 0.001324 0.0013214 0.0013183 0.001315 0.0013049 0.0012882 0.0012698 0.0012346 0.0011993 0.0011716 0.0011514 0.0011311 0.0010152 0.00089003 0.0007682 0.00064971 0.00051725 0.00036621 0.00019877
75 0.0013499 0.0013648 0.0013635 0.0013625 0.0013618 0.001354 0.0013391 0.0013225 0.0012877 0.0012529 0.0012261 0.0012073 0.0011885 0.0010676 0.00093678 0.0008093 0.00068515 0.00054559 0.00038552 0.0002072
76 0.0013979 0.0014145 0.0014145 0.0014158 0.0014181 0.0014126 0.0013994 0.0013844 0.0013503 0.0013163 0.0012908 0.0012737 0.0012567 0.0011299 0.00099257 0.00085824 0.00072696 0.00057893 0.00040862 0.00021738
77 0.0014417 0.0014626 0.0014644 0.0014678 0.0014725 0.0014699 0.0014601 0.0014481 0.0014148 0.0013814 0.0013568 0.0013411 0.0013253 0.0011923 0.001048 0.00090684 0.00076882 0.00061263 0.00043224 0.00022865
78 0.0014864 0.0015086 0.0015126 0.0015187 0.0015263 0.0015266 0.0015197 0.0015105 0.0014788 0.0014472 0.0014236 0.0014082 0.0013928 0.001255 0.0011054 0.00095786 0.0008124 0.00064733 0.00045616 0.00023949
79 0.0015345 0.0015597 0.0015669 0.0015756 0.0015857 0.0015884 0.0015839 0.0015772 0.0015474 0.0015176 0.0014956 0.0014814 0.0014672 0.0013236 0.0011674 0.0010126 0.00085903 0.00068445 0.00048186 0.00025107
80 0.0015844 0.0016137 0.001625 0.0016366 0.0016485 0.0016534 0.0016515 0.0016472 0.0016191 0.001591 0.0015705 0.0015575 0.0015445 0.0013953 0.001233 0.0010708 0.00090893 0.00072431 0.0005095 0.00026409
81 0.0016322 0.0016647 0.0016794 0.0016942 0.0017091 0.0017173 0.0017191 0.0017183 0.0016917 0.0016651 0.0016461 0.0016347 0.0016233 0.0014683 0.0012994 0.0011303 0.00096082 0.00076615 0.00053788 0.0002771
82 0.0016762 0.0017118 0.0017312 0.0017501 0.0017685 0.0017803 0.0017855 0.0017881 0.0017639 0.0017398 0.0017229 0.0017132 0.0017035 0.001543 0.0013679 0.0011916 0.0010143 0.00080921 0.00056705 0.00029035
83 0.0017189 0.0017539 0.00178 0.0018038 0.0018259 0.0018416 0.0018511 0.0018578 0.0018359 0.0018141 0.0017995 0.0017922 0.0017848 0.0016195 0.0014388 0.0012554 0.0010692 0.00085313 0.00059723 0.00030337
84 0.0017559 0.001796 0.0018285 0.0018569 0.0018822 0.0019021 0.0019165 0.001928 0.0019084 0.0018889 0.0018765 0.0018714 0.0018663 0.0016959 0.0015096 0.0013192 0.0011248 0.00089834 0.00062927 0.00031686
85 0.001794 0.0018391 0.0018775 0.0019097 0.0019371 0.0019607 0.0019802 0.0019966 0.0019794 0.0019623 0.0019528 0.0019508 0.0019489 0.0017739 0.0015821 0.0013847 0.0011817 0.00094438 0.00066148 0.00033094
86 0.0018338 0.0018822 0.0019285 0.0019655 0.0019954 0.0020219 0.0020448 0.0020645 0.0020516 0.0020387 0.0020324 0.0020327 0.002033 0.0018543 0.0016583 0.0014537 0.0012405 0.0009918 0.00069571 0.00034635
87 0.0018751 0.0019297 0.00198 0.0020218 0.0020573 0.0020886 0.0021155 0.0021392 0.0021285 0.0021178 0.0021142 0.0021177 0.0021212 0.0019382 0.0017372 0.001525 0.0013014 0.0010414 0.00073277 0.00036235
88 0.0019129 0.0019751 0.0020292 0.0020752 0.002115 0.0021514 0.0021843 0.0022136 0.0022054 0.0021973 0.0021969 0.0022041 0.0022113 0.0020232 0.0018161 0.0015977 0.0013678 0.0010967 0.00077064 0.00037844
89 0.0019465 0.0020148 0.0020721 0.0021247 0.0021737 0.002216 0.0022515 0.0022835 0.002281 0.0022784 0.0022816 0.0022905 0.0022995 0.00211 0.0019013 0.001677 0.0014369 0.0011524 0.00080866 0.00039602
90 0.0019829 0.0020564 0.0021167 0.0021748 0.0022313 0.0022809 0.0023234 0.0023621 0.002362 0.0023618 0.0023676 0.0023793 0.002391 0.0022004 0.0019903 0.0017594 0.0015078 0.0012099 0.00085045 0.0004134
91 0.0020162 0.0020985 0.0021601 0.002223 0.0022869 0.0023458 0.0023998 0.0024487 0.0024455 0.0024423 0.0024496 0.0024673 0.002485 0.0022922 0.0020789 0.0018421 0.0015816 0.0012713 0.00089474 0.00043009
92 0.0020494 0.0021376 0.0022055 0.0022735 0.0023418 0.0024079 0.0024719 0.0025301 0.0025275 0.002525 0.0025339 0.0025544 0.0025749 0.0023836 0.0021717 0.0019295 0.001657 0.0013329 0.00094014 0.00044983
93 0.0020838 0.0021821 0.0022533 0.0023248 0.0023967 0.0024698 0.002544 0.0026116 0.0026102 0.0026087 0.0026195 0.0026425 0.0026655 0.0024764 0.0022669 0.0020193 0.0017336 0.0013951 0.00098631 0.00047127
94 0.00212 0.0022247 0.0023016 0.0023788 0.0024564 0.0025388 0.0026262 0.0027054 0.0027007 0.0026959 0.002707 0.002734 0.0027609 0.0025753 0.0023691 0.0021152 0.0018135 0.0014602 0.001038 0.00049388
95 0.002148 0.0022631 0.0023472 0.0024308 0.0025142 0.0026067 0.0027085 0.0028004 0.0027908 0.0027813 0.002792 0.0028229 0.0028537 0.0026735 0.0024729 0.0022159 0.0019025 0.0015337 0.0010912 0.00051551
96 0.0021691 0.0022983 0.002385 0.002477 0.0025728 0.002678 0.0027928 0.002896 0.0028798 0.0028637 0.0028732 0.0029082 0.0029433 0.0027731 0.002583 0.002324 0.0019962 0.0016101 0.0011466 0.0005437
97 0.0021929 0.0023284 0.0024236 0.0025243 0.0026294 0.0027457 0.0028734 0.0029881 0.0029677 0.0029474 0.0029555 0.0029919 0.0030283 0.0028701 0.0026931 0.0024328 0.0020891 0.0016871 0.0012075 0.0005691
98 0.0022179 0.0023583 0.0024656 0.002573 0.0026803 0.0028084 0.0029574 0.0030902 0.0030548 0.0030194 0.0030246 0.0030704 0.0031162 0.0029702 0.0028056 0.0025433 0.0021832 0.0017655 0.0012712 0.00059291
99 0.0022359 0.0023916 0.0025065 0.002622 0.0027381 0.0028793 0.0030457 0.0031927 0.0031404 0.003088 0.0030891 0.0031436 0.0031982 0.0030671 0.0029181 0.0026549 0.0022775 0.0018436 0.0013345 0.0006267
100 0.0022554 0.0024206 0.0025464 0.0026719 0.0027971 0.0029477 0.0031235 0.0032788 0.0032222 0.0031655 0.0031661 0.0032239 0.0032817 0.0031656 0.0030326 0.0027671 0.0023688 0.0019192 0.001401 0.00066257
101 0.0022651 0.0024349 0.0025678 0.0027002 0.0028322 0.0029959 0.0031911 0.0033622 0.0032828 0.0032035 0.0031979 0.0032659 0.0033339 0.003234 0.0031179 0.0028535 0.002441 0.0019802 0.0014554 0.00068797
102 0.0022599 0.0024499 0.0025854 0.0027251 0.0028682 0.003046 0.0032587 0.0034435 0.0033409 0.0032384 0.0032267 0.0033059 0.0033851 0.0033026 0.0032045 0.0029442 0.0025217 0.0020493 0.0015107 0.00071739
103 0.0022599 0.0024533 0.0025943 0.0027454 0.0029041 0.0030946 0.0033169 0.0035093 0.0033915 0.0032737 0.0032593 0.0033485 0.0034376 0.0033736 0.0032947 0.0030415 0.0026139 0.0021308 0.0015738 0.00075313
104 0.0022755 0.0024828 0.0026222 0.0027789 0.0029485 0.0031565 0.0034027 0.0036143 0.0034667 0.0033192 0.003294 0.0033913 0.0034885 0.0034467 0.0033915 0.0031428 0.0027006 0.0022038 0.0016342 0.00078027
105 0.0023023 0.0025272 0.0026714 0.0028338 0.0030097 0.0032314 0.0034986 0.0037268 0.00355 0.0033732 0.0033391 0.0034477 0.0035563 0.0035379 0.0035073 0.003264 0.002808 0.0022933 0.0017004 0.00081544
106 0.0023193 0.0025632 0.0027183 0.0028872 0.0030665 0.0033031 0.003597 0.0038469 0.0036423 0.0034376 0.0033922 0.003506 0.0036197 0.003625 0.0036198 0.0033814 0.0029098 0.0023801 0.0017732 0.0008505
107 0.0023401 0.0026006 0.0027665 0.002944 0.0031303 0.003379 0.0036903 0.003954 0.0037271 0.0035002 0.0034488 0.0035729 0.003697 0.0037185 0.0037301 0.0034909 0.0030009 0.002459 0.0018479 0.00089195
108 0.0023686 0.0026476 0.0028181 0.0029988 0.0031873 0.0034497 0.0037862 0.00407 0.0038082 0.0035463 0.0034845 0.0036228 0.003761 0.0038058 0.0038415 0.0036023 0.0030883 0.0025297 0.0019119 0.00092654
109 0.0023809 0.0026911 0.0028776 0.0030632 0.003248 0.0035216 0.003884 0.0041879 0.0038863 0.0035847 0.0035113 0.0036659 0.0038205 0.0038848 0.0039404 0.0037068 0.0031842 0.0026134 0.0019782 0.00096049
110 0.0023932 0.0027299 0.0029412 0.0031295 0.0033006 0.0035813 0.0039716 0.004298 0.0039634 0.0036288 0.0035468 0.0037172 0.0038877 0.003961 0.0040249 0.0037981 0.0032808 0.002709 0.0020645 0.0010133
111 0.0024273 0.002791 0.0030335 0.0032173 0.003357 0.0036389 0.0040628 0.0044164 0.004042 0.0036677 0.0035727 0.003757 0.0039414 0.0040295 0.0041083 0.0038892 0.0033723 0.0028003 0.0021547 0.0010497
112 0.0024667 0.0028893 0.0031392 0.0033162 0.0034384 0.003721 0.004164 0.0045316 0.0041197 0.0037078 0.0035962 0.003785 0.0039737 0.0040959 0.0042116 0.0040028 0.0034694 0.0028852 0.0022334 0.0011011
113 0.002491 0.0029622 0.0032341 0.0034162 0.0035309 0.0038123 0.0042605 0.0046308 0.0041959 0.003761 0.0036353 0.0038187 0.0040021 0.0041546 0.0043042 0.0041105 0.0035733 0.0029858 0.0023312 0.0011355
114 0.0025021 0.0030252 0.0033283 0.0035192 0.0036258 0.0039091 0.0043691 0.0047481 0.0042897 0.0038314 0.0036908 0.003868 0.0040451 0.0042115 0.0043767 0.0041875 0.0036437 0.0030605 0.0024248 0.0011837
115 0.0025147 0.0031137 0.0034487 0.0036589 0.0037753 0.0040578 0.0045062 0.0048712 0.0043739 0.0038766 0.0037127 0.0038822 0.0040517 0.0042574 0.0044667 0.0042914 0.0037317 0.003144 0.0025189 0.0012038
