1 0
2 0
3 0
4 0
5 0
6 0
7 0
8 0
9 0
10 0
11 0
12 0
13 6.993e-09
14 2.7764e-07
15 6.4804e-07
16 1.2298e-06
17 2.1118e-06
18 4.1912e-06
19 6.5716e-06
20 1.151e-05
21 1.7687e-05
22 2.7736e-05
23 3.7781e-05
24 4.7826e-05
25 6.4149e-05
26 8.466e-05
27 0.00010516
28 0.00013
29 0.00016721
30 0.00020441
31 0.00024161
32 0.00029444
33 0.00036113
34 0.00042779
35 0.00049444
36 0.00057639
37 0.00066213
38 0.00074784
39 0.00083988
40 0.00096249
41 0.001085
42 0.0012074
43 0.0013571
44 0.0015249
45 0.0016925
46 0.00186
47 0.0020613
48 0.0022623
49 0.0024632
50 0.0026842
51 0.0029353
52 0.0031862
53 0.0034368
54 0.0037355
55 0.004046
56 0.0043562
57 0.0046877
58 0.0051052
59 0.0055221
60 0.0059386
61 0.0063457
62 0.0067465
63 0.0071471
64 0.0075469
65 0.0080572
66 0.0085666
67 0.0090756
68 0.0096246
69 0.010234
70 0.010842
71 0.011451
72 0.011991
73 0.012513
74 0.013035
75 0.013583
76 0.014236
77 0.014889
78 0.015541
79 0.016249
80 0.016995
81 0.017741
82 0.018484
83 0.019224
84 0.019963
85 0.020702
86 0.021467
87 0.022271
88 0.023073
89 0.023874
90 0.024707
91 0.025547
92 0.026388
93 0.027245
94 0.028158
95 0.029069
96 0.02998
97 0.030879
98 0.031773
99 0.032668
100 0.033563
101 0.034183
102 0.034799
103 0.035418
104 0.036154
105 0.037067
106 0.037975
107 0.038887
108 0.039744
109 0.040584
110 0.041432
111 0.042304
112 0.043259
113 0.0442
114 0.045139
115 0.046155
