# nue Energy (MeV) - Xscn At That Energy in units of 10^(-38) cm^2
1 6.9872e-07
2 1.5938e-06
3 2.5075e-06
4 3.4268e-06
5 4.3485e-06
6 5.2715e-06
7 6.1952e-06
8 7.1193e-06
9 8.0437e-06
10 8.9683e-06
11 9.8929e-06
12 1.0818e-05
13 1.1742e-05
14 1.2667e-05
15 1.3592e-05
16 1.4517e-05
17 1.5442e-05
18 1.6366e-05
19 1.7291e-05
20 1.8215e-05
21 1.914e-05
22 2.0064e-05
23 2.0988e-05
24 2.1912e-05
25 2.2836e-05
26 2.376e-05
27 2.4684e-05
28 2.5608e-05
29 2.6531e-05
30 2.7454e-05
31 2.8377e-05
32 2.93e-05
33 3.0223e-05
34 3.1145e-05
35 3.2068e-05
36 3.299e-05
37 3.3912e-05
38 3.4834e-05
39 3.5755e-05
40 3.6677e-05
41 3.7598e-05
42 3.8518e-05
43 3.9439e-05
44 4.0359e-05
45 4.1279e-05
46 4.2199e-05
47 4.3119e-05
48 4.4038e-05
49 4.4957e-05
50 4.5876e-05
51 4.6794e-05
52 4.7712e-05
53 4.863e-05
54 4.9547e-05
55 5.0465e-05
56 5.1381e-05
57 5.2298e-05
58 5.3214e-05
59 5.413e-05
60 5.5045e-05
61 5.5961e-05
62 5.6875e-05
63 5.779e-05
64 5.8704e-05
65 5.9617e-05
66 6.0531e-05
67 6.1444e-05
68 6.2356e-05
69 6.3268e-05
70 6.418e-05
71 6.5091e-05
72 6.6002e-05
73 6.6913e-05
74 6.7823e-05
75 6.8732e-05
76 6.9642e-05
77 7.055e-05
78 7.1459e-05
79 7.2367e-05
80 7.3274e-05
81 7.4181e-05
82 7.5087e-05
83 7.5993e-05
84 7.6899e-05
85 7.7804e-05
86 7.8709e-05
87 7.9613e-05
88 8.0516e-05
89 8.1419e-05
90 8.2322e-05
91 8.3224e-05
92 8.4126e-05
93 8.5027e-05
94 8.5927e-05
95 8.6828e-05
96 8.7727e-05
97 8.8626e-05
98 8.9524e-05
99 9.0422e-05
100 9.132e-05
101 9.2217e-05
102 9.3113e-05
103 9.4009e-05
104 9.4904e-05
105 9.5798e-05
106 9.6692e-05
107 9.7586e-05
108 9.8479e-05
109 9.9371e-05
110 0.00010026
111 0.00010115
112 0.00010204
113 0.00010293
114 0.00010382
115 0.00010471
116 0.0001056
117 0.00010649
118 0.00010737
119 0.00010826
120 0.00010915
121 0.00011003
122 0.00011092
123 0.0001118
124 0.00011268
125 0.00011357
126 0.00011445
127 0.00011533
128 0.00011621
129 0.00011709
130 0.00011797
131 0.00011885
132 0.00011972
133 0.0001206
134 0.00012148
135 0.00012235
136 0.00012323
137 0.0001241
138 0.00012498
139 0.00012585
140 0.00012672
141 0.00012759
142 0.00012847
143 0.00012934
144 0.00013021
145 0.00013108
146 0.00013194
147 0.00013281
148 0.00013368
149 0.00013454
150 0.00013541
151 0.00013627
152 0.00013714
153 0.000138
154 0.00013886
155 0.00013973
156 0.00014059
157 0.00014145
158 0.00014231
159 0.00014317
160 0.00014402
161 0.00014488
162 0.00014574
163 0.00014659
164 0.00014745
165 0.0001483
166 0.00014916
167 0.00015001
168 0.00015086
169 0.00015172
170 0.00015257
171 0.00015342
172 0.00015427
173 0.00015511
174 0.00015596
175 0.00015681
176 0.00015765
177 0.0001585
178 0.00015934
179 0.00016019
180 0.00016103
181 0.00016187
182 0.00016272
183 0.00016356
184 0.0001644
185 0.00016524
186 0.00016607
187 0.00016691
188 0.00016775
189 0.00016858
190 0.00016942
191 0.00017025
192 0.00017109
193 0.00017192
194 0.00017275
195 0.00017358
196 0.00017441
197 0.00017524
198 0.00017607
199 0.0001769
200 0.00017773
