42
1 0 0 0 0 0 0 0 0 0 0 0 0 0 0 0 0 0 0 0 0 0 0 0 0 0 0 0 0 0 0 0 0 0 0 0 0 0 0 0 0 0 0
2 0 0 0 0 0 0 0 0 0 0 0 0 0 0 0 0 0 0 0 0 0 0 0 0 0 0 0 0 0 0 0 0 0 0 0 0 0 0 0 0 0 0
3 0 0 0 0 0 0 0 0 0 0 0 0 0 0 0 0 0 0 0 0 0 0 0 0 0 0 0 0 0 0 0 0 0 0 0 0 0 0 0 0 0 0
4 0 0 0 0 0 0 0 0 0 0 0 0 0 0 0 0 0 0 0 0 0 0 0 0 0 0 0 0 0 0 0 0 0 0 0 0 0 0 0 0 0 0
5 0 0 0 0 0 0 0 0 0 0 0 0 0 0 0 0 0 0 0 0 0 0 0 0 0 0 0 0 0 0 0 0 0 0 0 0 0 0 0 0 0 0
6 0 0 0 0 0 0 0 0 0 0 0 0 0 0 0 0 0 0 0 0 0 0 0 0 0 0 0 0 0 0 0 0 0 0 0 0 0 0 0 0 0 0
7 0 0 0 0 0 0 0 0 0 0 0 0 0 0 0 0 0 0 0 0 0 0 0 0 0 0 0 0 0 0 0 0 0 0 0 0 0 0 0 0 0 0
8 0 0 0 0 0 0 0 0 0 0 0 0 0 0 0 0 0 0 0 0 0 0 0 0 0 0 0 0 0 0 0 0 0 0 0 0 0 0 0 0 0 0
9 0 0 0 0 0 0 0 0 0 0 0 0 0 0 0 0 0 0 0 0 0 0 0 0 0 0 0 0 0 0 0 0 0 0 0 0 0 0 0 0 0 0
10 0 0 0 0 0 0 0 0 0 0 0 0 0 0 0 0 0 0 0 0 0 0 0 0 0 0 0 0 0 0 0 0 0 0 0 0 0 0 0 0 0 0
11 0 0 0 0 0 0 0 0 0 0 0 0 0 0 0 0 0 0 0 0 0 0 0 0 0 0 0 0 0 0 0 0 0 0 0 0 0 0 0 0 0 0
12 0 0 0 0 0 0 0 0 0 0 0 0 0 0 0 0 0 0 0 0 0 0 0 0 0 0 0 0 0 0 0 0 0 0 0 0 0 0 0 0 0 0
13 0 0 0 0 0 0 0 0 0 0 0 0 0 0 0 0 0 0 0 0 0 0 0 0 0 0 0 0 0 0 0 0 0 0 0 0 0 0 0 0 0 0
14 0 0 0 0 0 0 0 0 0 0 0 0 0 0 0 0 0 0 0 0 0 0 0 0 0 0 0 0 0 0 0 0 0 0 0 0 0 0 0 0 0 0
15 1 0 0 0 0 0 0 0 0 0 0 0 0 0 0 0 0 0 0 0 0 0 0 0 0 0 0 0 0 0 0 0 0 0 0 0 0 0 0 0 0 0
16 0.6278 0.093401 0.2788 1.3226e-11 0 0 0 0 0 0 0 0 0 0 0 0 0 0 0 0 0 0 0 0 0 0 0 0 0 0 0 0 0 0 0 0 0 0 0 0 0 0
17 0.23533 0.16611 0.59856 2.5525e-09 0 0 0 0 0 0 0 0 0 0 0 0 0 0 0 0 0 0 0 0 0 0 0 0 0 0 0 0 0 0 0 0 0 0 0 0 0 0
18 0.12203 0.18177 0.69619 2.9979e-08 0 0 0 0 0 0 0 0 0 0 0 0 0 0 0 0 0 0 0 0 0 0 0 0 0 0 0 0 0 0 0 0 0 0 0 0 0 0
19 0.070136 0.16919 0.66898 1.3528e-07 0.091699 0 0 0 0 0 0 0 0 0 0 0 0 0 0 0 0 0 0 0 0 0 0 0 0 0 0 0 0 0 0 0 0 0 0 0 0 0
20 0.044954 0.15419 0.62215 3.9876e-07 0.17434 4.3772e-05 0.0043215 0 0 0 0 0 0 0 0 0 0 0 0 0 0 0 0 0 0 0 0 0 0 0 0 0 0 0 0 0 0 0 0 0 0 0
21 0.03451 0.15585 0.63787 1.0202e-06 0.15682 0.00075954 0.014046 2.1139e-05 0.00012146 0 0 0 0 0 0 0 0 0 0 0 0 0 0 0 0 0 0 0 0 0 0 0 0 0 0 0 0 0 0 0 0 0
22 0.028226 0.15954 0.6601 2.2436e-06 0.12688 0.0023046 0.018953 0.001502 0.0024799 5.784e-07 1.4436e-05 0 0 0 0 0 0 0 0 0 0 0 0 0 0 0 0 0 0 0 0 0 0 0 0 0 0 0 0 0 0 0
23 0.023669 0.16158 0.67425 4.3411e-06 0.099623 0.0041904 0.020218 0.0072438 0.0058664 9.8847e-05 0.0031182 0.00013692 7.7397e-07 0 0 0 0 0 0 0 0 0 0 0 0 0 0 0 0 0 0 0 0 0 0 0 0 0 0 0 0 0
24 0.020036 0.16087 0.67601 7.563e-06 0.077409 0.0059891 0.019465 0.01721 0.0086434 0.00064182 0.0073054 0.0052014 0.0010153 0.00018923 0 0 0 0 0 0 0 0 0 0 0 0 0 0 0 0 0 0 0 0 0 0 0 0 0 0 0 0
25 0.016927 0.15663 0.66205 1.2036e-05 0.059648 0.0074217 0.017652 0.029411 0.010342 0.0018169 0.01017 0.02235 0.002724 0.0026801 0.00015598 9.0011e-07 0 0 0 0 0 0 0 0 0 0 0 0 0 0 0 0 0 0 0 0 0 0 0 0 0 0
26 0.014236 0.14939 0.63461 1.7771e-05 0.045731 0.0083821 0.015417 0.041641 0.011034 0.0035133 0.01151 0.050548 0.0040982 0.0087166 0.0011205 3.8782e-05 2.0206e-07 4.5684e-09 0 0 0 0 0 0 0 0 0 0 0 0 0 0 0 0 0 0 0 0 0 0 0 0
27 0.011976 0.14066 0.60013 2.4783e-05 0.035144 0.0089216 0.0132 0.052527 0.011021 0.0054965 0.011746 0.084541 0.0049242 0.017185 0.0023617 8.9249e-05 2.7159e-05 1.6081e-06 2.0724e-05 4.4046e-09 0 0 0 0 0 0 0 0 0 0 0 0 0 0 0 0 0 0 0 0 0 0
28 0.010123 0.13166 0.5639 3.3119e-05 0.02723 0.0091471 0.011211 0.061559 0.010596 0.0075562 0.011336 0.11946 0.005292 0.026517 0.0034443 0.00012844 0.0002043 1.1489e-05 0.00029339 1.793e-06 1.7642e-07 6.1921e-09 4.9312e-05 0.00023157 5.4814e-06 1.37e-07 1.9802e-07 0 0 0 0 0 0 0 0 0 0 0 0 0 0 0
29 0.008577 0.12241 0.52605 4.2622e-05 0.021226 0.0091103 0.0094638 0.068361 0.0099118 0.0095005 0.010551 0.15141 0.0053195 0.035384 0.0042142 0.00015218 0.00067343 3.4459e-05 0.00074028 1.3279e-05 3.7276e-06 4.3725e-07 0.00031757 0.0022559 0.00025456 8.614e-05 0.0039087 7.5408e-06 9.8208e-06 5.5985e-06 8.3909e-07 7.1338e-10 0 0 0 0 0 0 0 0 0 0
30 0.0072943 0.11336 0.48866 5.3218e-05 0.016673 0.0088935 0.0079736 0.073083 0.0091124 0.011226 0.0096044 0.17849 0.005133 0.04305 0.0046742 0.00016294 0.0015022 7.0282e-05 0.0011953 4.0889e-05 1.6341e-05 3.4965e-06 0.00066038 0.0050071 0.00071673 0.00052486 0.012509 6.9188e-05 5.6241e-05 5.273e-05 2.7328e-05 4.9441e-06 1.8353e-05 8.3073e-05 8.354e-08 2.4921e-11 0 0 0 0 0 0
31 0.006252 0.1051 0.45435 6.5035e-05 0.01325 0.0085883 0.0067449 0.076259 0.0083124 0.012726 0.0086526 0.20068 0.0048418 0.049375 0.0048974 0.00016497 0.0026856 0.00011605 0.0015811 8.556e-05 4.093e-05 1.306e-05 0.00097349 0.0075404 0.0012033 0.0014007 0.021716 0.00021082 0.00013049 0.00015803 0.00011201 3.2113e-05 0.00021254 0.0014216 9.61e-05 6.4233e-06 1.8132e-06 3.2306e-08 0 0 0 0
32 0.0054048 0.097728 0.42353 7.8143e-05 0.010659 0.0082414 0.0057397 0.078257 0.0075579 0.014008 0.0077594 0.21836 0.0045074 0.054401 0.0049523 0.00016154 0.0041743 0.00016815 0.0018759 0.00014464 7.7224e-05 3.3192e-05 0.0012208 0.0095352 0.0016251 0.0026317 0.029667 0.00042213 0.00021584 0.00031037 0.0002549 8.6677e-05 0.00069904 0.0051084 0.00028688 4.2472e-05 2.1018e-05 8.0454e-06 2.7344e-05 1.2806e-05 4.8141e-08 0
33 0.0047129 0.091199 0.39616 9.2614e-05 0.0086794 0.0078813 0.0049181 0.079375 0.0068685 0.015091 0.0069505 0.23212 0.0041651 0.058276 0.004895 0.00015499 0.0059017 0.00022337 0.002084 0.00021414 0.00012318 6.7076e-05 0.0013987 0.01096 0.0019552 0.004087 0.03582 0.00067998 0.00030032 0.00049111 0.00044008 0.00016327 0.001461 0.011054 0.00048834 0.00011454 6.7623e-05 4.1001e-05 0.00011467 0.00020372 6.8244e-06 1.1411e-09
34 0.0041453 0.085468 0.37206 0.00010856 0.0071519 0.007527 0.0042459 0.079873 0.0062511 0.016007 0.0062339 0.24267 0.0038357 0.061196 0.0047681 0.00014687 0.007803 0.00027933 0.0022198 0.00029023 0.00017622 0.00011669 0.0015168 0.011893 0.0021958 0.0056478 0.040235 0.00096177 0.00037737 0.00068367 0.00064944 0.0002538 0.0024257 0.01866 0.00066522 0.00021548 0.00013896 0.00010093 0.00023073 0.00050529 3.3766e-05 2.8561e-05
35 0.0036772 0.080464 0.35098 0.0001261 0.0059615 0.0071899 0.0036942 0.079952 0.0057049 0.016784 0.005607 0.2507 0.0035294 0.063358 0.004602 0.00013819 0.0098238 0.00033445 0.0022996 0.00036977 0.00023397 0.00018294 0.0015877 0.012443 0.0023605 0.007226 0.04319 0.0012502 0.0004443 0.00087617 0.0008682 0.00035104 0.0035139 0.027264 0.00080712 0.00033496 0.00022791 0.00018172 0.00035157 0.0008219 8.3282e-05 0.00010291
36 0.0032886 0.076107 0.33258 0.00014537 0.0050241 0.0068755 0.0032392 0.079758 0.0052248 0.017452 0.0050621 0.25679 0.0032504 0.064931 0.0044167 0.00012953 0.011921 0.00038777 0.0023376 0.00045045 0.00029444 0.00026594 0.0016233 0.012707 0.0024648 0.008764 0.044998 0.0015334 0.00050064 0.0010612 0.0010859 0.0004496 0.0046595 0.036317 0.00091453 0.00046375 0.00032725 0.00027576 0.00046434 0.0011101 0.00015138 0.00019828
37 0.0029638 0.072312 0.31655 0.00016651 0.0042779 0.0065859 0.0028615 0.079393 0.0048036 0.018031 0.0045893 0.26138 0.002999 0.066051 0.0042252 0.00012122 0.014063 0.00043877 0.0023454 0.00053063 0.00035614 0.00036526 0.0016334 0.012766 0.0025231 0.010227 0.045942 0.0018044 0.00054704 0.0012345 0.001296 0.00054592 0.0058142 0.045421 0.00099201 0.0005949 0.0004311 0.00037646 0.00056344 0.0013542 0.00023242 0.00029776
38 0.0026902 0.069001 0.30254 0.00018966 0.0036776 0.0063208 0.0025459 0.078927 0.0044341 0.018541 0.0041789 0.26483 0.0027739 0.066826 0.0040351 0.00011342 0.016226 0.00048721 0.0023319 0.00060927 0.00041799 0.00048018 0.0016254 0.012682 0.0025471 0.011598 0.046251 0.0020592 0.00058461 0.0013944 0.0014945 0.00063779 0.0069452 0.054307 0.0010451 0.00072371 0.00053522 0.00047888 0.00064729 0.001552 0.00032117 0.00039211
39 0.0024579 0.066105 0.29029 0.00021495 0.0031896 0.006079 0.0022803 0.078405 0.0041093 0.018994 0.0038218 0.26741 0.0025728 0.067338 0.0038513 0.0001062 0.018392 0.00053303 0.0023037 0.00068567 0.0004792 0.00060977 0.0016051 0.0125 0.0025462 0.012869 0.046102 0.002296 0.0006146 0.0015401 0.0016797 0.00072403 0.0080319 0.062811 0.0010788 0.0008472 0.00063676 0.00057962 0.00071641 0.0017071 0.00041342 0.00047695
40 0.0022592 0.063564 0.27953 0.00024251 0.0027889 0.0058586 0.002055 0.077859 0.0038228 0.019401 0.00351 0.26932 0.0023932 0.067648 0.003676 9.9558e-05 0.02055 0.00057629 0.0022656 0.00075945 0.00053927 0.00075306 0.0015763 0.012253 0.0025272 0.01404 0.045631 0.0025145 0.00063819 0.0016721 0.0018508 0.00080412 0.0090623 0.070839 0.0010977 0.00096367 0.00073392 0.00067648 0.00077221 0.0018252 0.00050609 0.00055076
41 0.002088 0.061324 0.27004 0.00027247 0.0024568 0.0056576 0.0018626 0.077308 0.0035692 0.019771 0.0032368 0.27071 0.0022326 0.067805 0.0035105 9.348e-05 0.02269 0.00061707 0.002221 0.00083039 0.00059785 0.00090905 0.0015422 0.011966 0.0024956 0.015114 0.044935 0.002715 0.00065644 0.001791 0.0020079 0.00087795 0.010031 0.078348 0.0011052 0.0010723 0.00082569 0.00076819 0.0008164 0.0019124 0.00059699 0.0006135
42 0.0019394 0.059343 0.26166 0.00030494 0.0021791 0.0054742 0.0016971 0.076765 0.0033438 0.020111 0.0029962 0.27171 0.0020887 0.067845 0.0033553 8.793e-05 0.024806 0.00065552 0.0021724 0.00089844 0.00065473 0.0010768 0.0015048 0.011655 0.0024553 0.016097 0.044089 0.0028986 0.00067028 0.0018979 0.0021517 0.00094567 0.010935 0.085325 0.0011042 0.0011728 0.00091158 0.00085406 0.00085072 0.0019742 0.00068472 0.00066591
43 0.0018097 0.057584 0.25421 0.00034007 0.001945 0.0053064 0.0015539 0.076237 0.0031427 0.020424 0.0027835 0.27239 0.0019595 0.067795 0.0032101 8.2864e-05 0.026894 0.0006918 0.0021217 0.00096358 0.00070978 0.0012553 0.0014657 0.011331 0.0024091 0.016995 0.043146 0.0030663 0.00068047 0.0019939 0.0022829 0.0010076 0.011775 0.09178 0.0010969 0.0012652 0.00099144 0.00093385 0.00087674 0.0020154 0.00076838 0.00070905
44 0.0016956 0.056016 0.24757 0.00037795 0.0017461 0.0051525 0.0014291 0.07573 0.0029626 0.020716 0.0025946 0.27283 0.0018431 0.067676 0.0030746 7.8238e-05 0.028951 0.00072604 0.0020701 0.0010259 0.00076297 0.0014437 0.0014258 0.011004 0.0023592 0.017814 0.042146 0.0032193 0.00068767 0.0020799 0.0024025 0.0010641 0.012554 0.097734 0.0010849 0.00135 0.0010654 0.0010076 0.00089587 0.0020403 0.00084747 0.00074404
45 0.0015947 0.054612 0.24164 0.00041872 0.0015759 0.0050111 0.0013198 0.075244 0.0028006 0.02099 0.0024262 0.27308 0.001738 0.067504 0.0029483 7.4011e-05 0.030975 0.00075839 0.0020184 0.0010855 0.00081427 0.0016412 0.001386 0.010678 0.0023072 0.018563 0.041116 0.0033589 0.0006924 0.0021569 0.0025113 0.0011155 0.013276 0.10321 0.0010696 0.0014274 0.0011336 0.0010754 0.0009093 0.002052 0.00092178 0.00077199
46 0.0015051 0.053352 0.23631 0.00046249 0.0014292 0.0048807 0.0012235 0.074782 0.0026542 0.021247 0.0022754 0.27317 0.0016427 0.067292 0.0028306 7.0141e-05 0.032965 0.000789 0.0019674 0.0011424 0.0008637 0.0018471 0.0013467 0.010358 0.0022542 0.019246 0.040076 0.0034863 0.00069511 0.0022259 0.0026103 0.0011624 0.013942 0.10825 0.0010519 0.0014981 0.0011963 0.0011377 0.00091804 0.0020534 0.00099127 0.00079394
47 0.0014249 0.052215 0.23151 0.00050938 0.001302 0.0047603 0.0011382 0.074344 0.0025216 0.02149 0.0021398 0.27315 0.0015562 0.06705 0.0027209 6.6594e-05 0.034921 0.00081799 0.0019174 0.0011968 0.00091132 0.0020606 0.0013083 0.010047 0.002201 0.01987 0.039042 0.0036025 0.00069617 0.0022878 0.0027005 0.001205 0.014557 0.11288 0.0010326 0.0015624 0.001254 0.0011947 0.00092294 0.0020467 0.001056 0.00081076
48 0.001353 0.051188 0.22717 0.00055949 0.0011911 0.0046487 0.0010623 0.073928 0.002401 0.021721 0.0020174 0.27303 0.0014773 0.066785 0.0026184 6.3335e-05 0.036843 0.00084548 0.0018688 0.0012489 0.00095718 0.0022811 0.001271 0.0097451 0.0021482 0.020441 0.038023 0.0037086 0.00069587 0.0023431 0.0027825 0.0012438 0.015125 0.11713 0.0010122 0.001621 0.0013069 0.0012468 0.00092469 0.0020336 0.0011162 0.00082327
49 0.0012881 0.050256 0.22324 0.00061295 0.0010938 0.0045451 0.00099445 0.073534 0.0022909 0.021942 0.0019066 0.27283 0.0014051 0.066503 0.0025228 6.0336e-05 0.038729 0.00087158 0.0018216 0.0012987 0.0010013 0.002508 0.0012349 0.0094543 0.0020963 0.020963 0.037026 0.0038055 0.00069446 0.0023928 0.0028571 0.001279 0.01565 0.12103 0.00099125 0.0016744 0.0013555 0.0012943 0.00092388 0.0020156 0.0011721 0.00083213
50 0.0012293 0.049408 0.21967 0.00066985 0.0010081 0.0044486 0.00093353 0.073161 0.00219 0.022152 0.0018059 0.27257 0.001339 0.066208 0.0024333 5.7571e-05 0.040582 0.00089639 0.001776 0.0013464 0.0010438 0.0027408 0.0012001 0.0091749 0.0020455 0.021441 0.036055 0.0038941 0.00069215 0.0024372 0.0029251 0.0013111 0.016134 0.12461 0.00097001 0.0017228 0.0014 0.0013377 0.00092099 0.0019938 0.0012238 0.00083794
51 0.0011758 0.048634 0.21641 0.00073031 0.00093213 0.0043585 0.00087862 0.072808 0.0020974 0.022354 0.001714 0.27226 0.0012782 0.065905 0.0023495 5.5015e-05 0.042401 0.00092001 0.001732 0.001392 0.0010848 0.0029789 0.0011667 0.0089069 0.0019961 0.021879 0.035115 0.0039751 0.00068909 0.002477 0.0029871 0.0013404 0.016581 0.1279 0.00094873 0.0017669 0.0014408 0.0013773 0.00091642 0.0019691 0.0012717 0.00084117
52 0.001127 0.047926 0.21344 0.00079444 0.00086458 0.0042743 0.00082894 0.072473 0.0020121 0.022547 0.00163 0.27192 0.0012222 0.065595 0.002271 5.2648e-05 0.044186 0.00094251 0.0016897 0.0014358 0.0011242 0.0032219 0.0011346 0.0086504 0.0019481 0.022281 0.034206 0.0040492 0.00068544 0.0025127 0.0030435 0.001367 0.016994 0.13092 0.00092759 0.001807 0.0014782 0.0014134 0.00091049 0.0019424 0.001316 0.00084225
53 0.0010823 0.047277 0.21071 0.00086234 0.00080424 0.0041953 0.00078383 0.072155 0.0019333 0.022733 0.001553 0.27154 0.0011704 0.065282 0.0021973 5.0453e-05 0.045939 0.00096397 0.0016491 0.0014778 0.0011622 0.0034693 0.0011039 0.0084051 0.0019016 0.022649 0.033329 0.0041171 0.00068131 0.0025446 0.003095 0.0013912 0.017375 0.13369 0.00090675 0.0018433 0.0015125 0.0014462 0.00090348 0.0019141 0.0013569 0.00084154
54 0.0010412 0.04668 0.20821 0.0009341 0.00075013 0.004121 0.00074273 0.071854 0.0018604 0.022913 0.0014821 0.27113 0.0011225 0.064967 0.0021279 4.8412e-05 0.04766 0.00098447 0.00161 0.001518 0.0011989 0.0037208 0.0010745 0.0081706 0.0018567 0.022987 0.032484 0.0041793 0.00067678 0.0025732 0.0031419 0.0014132 0.017728 0.13624 0.00088628 0.0018764 0.0015439 0.0014761 0.0008956 0.0018848 0.0013947 0.00083933
55 0.0010034 0.04613 0.20591 0.0010098 0.00070142 0.0040511 0.00070517 0.071567 0.0017926 0.023086 0.0014168 0.2707 0.001078 0.064651 0.0020627 4.6512e-05 0.049349 0.0010041 0.0015725 0.0015567 0.0012343 0.003976 0.0010463 0.0079466 0.0018134 0.023298 0.031672 0.0042364 0.00067195 0.0025987 0.0031847 0.0014333 0.018054 0.13858 0.00086627 0.0019064 0.0015726 0.0015034 0.00088705 0.0018548 0.0014296 0.00083588
56 0.00096841 0.045622 0.20379 0.0010897 0.00065743 0.0039852 0.00067074 0.071294 0.0017296 0.023253 0.0013564 0.27026 0.0010366 0.064336 0.0020012 4.4739e-05 0.051008 0.0010228 0.0015365 0.0015939 0.0012684 0.0042346 0.0010193 0.0077326 0.0017716 0.023584 0.030891 0.0042886 0.00066688 0.0026215 0.0032237 0.0014516 0.018356 0.14073 0.00084676 0.0019336 0.0015989 0.0015281 0.00087798 0.0018244 0.0014618 0.0008314
57 0.00093598 0.045152 0.20183 0.0011736 0.00061755 0.0039229 0.0006391 0.071034 0.0016708 0.023415 0.0013004 0.2698 0.00099806 0.064022 0.0019431 4.3081e-05 0.052637 0.0010407 0.001502 0.0016296 0.0013013 0.0044962 0.00099352 0.0075281 0.0017313 0.023847 0.030141 0.0043366 0.00066162 0.0026418 0.0032593 0.0014682 0.018635 0.14271 0.00082778 0.0019583 0.0016231 0.0015506 0.00086851 0.0017939 0.0014916 0.00082608
58 0.00090585 0.044716 0.20001 0.0012619 0.00058131 0.0038639 0.00060994 0.070785 0.0016158 0.023571 0.0012484 0.26934 0.00096204 0.06371 0.0018882 4.153e-05 0.054237 0.001058 0.0014688 0.001664 0.0013331 0.0047606 0.00096883 0.0073328 0.0016926 0.024089 0.02942 0.0043806 0.00065622 0.0026599 0.0032918 0.0014834 0.018893 0.14453 0.00080935 0.0019807 0.0016451 0.001571 0.00085875 0.0017634 0.001519 0.00082006
59 0.00087779 0.044311 0.19833 0.0013545 0.00054826 0.0038079 0.000583 0.070548 0.0015644 0.023723 0.0012 0.26886 0.00092834 0.063401 0.0018363 4.0075e-05 0.055809 0.0010745 0.001437 0.0016971 0.0013638 0.0050275 0.00094519 0.0071461 0.0016552 0.024311 0.028728 0.0044209 0.00065072 0.002676 0.0033213 0.0014971 0.019133 0.1462 0.00079148 0.002001 0.0016653 0.0015896 0.00084879 0.0017331 0.0015444 0.00081347
60 0.00085159 0.043934 0.19677 0.0014516 0.00051805 0.0037547 0.00055805 0.070321 0.0015161 0.02387 0.0011548 0.26838 0.00089675 0.063095 0.0017871 3.8709e-05 0.057353 0.0010903 0.0014064 0.001729 0.0013935 0.0052966 0.00092256 0.0069676 0.0016193 0.024516 0.028064 0.004458 0.00064515 0.0026903 0.0033483 0.0015096 0.019354 0.14774 0.00077417 0.0020193 0.0016838 0.0016064 0.00083869 0.0017032 0.0015677 0.00080643
61 0.00082708 0.043583 0.19532 0.0015532 0.00049036 0.0037042 0.0005349 0.070103 0.0014707 0.024013 0.0011126 0.26789 0.00086709 0.062793 0.0017404 3.7423e-05 0.058871 0.0011055 0.0013771 0.0017597 0.0014222 0.0055678 0.00090088 0.0067968 0.0015847 0.024704 0.027425 0.0044919 0.00063953 0.0027028 0.0033729 0.001521 0.01956 0.14915 0.00075742 0.0020359 0.0017007 0.0016216 0.00082852 0.0016736 0.0015892 0.00079903
62 0.00080411 0.043256 0.19396 0.0016594 0.00046492 0.003656 0.00051336 0.069894 0.001428 0.024152 0.0010731 0.2674 0.0008392 0.062493 0.001696 3.6213e-05 0.060362 0.0011201 0.0013488 0.0017894 0.00145 0.0058408 0.0008801 0.0066334 0.0015514 0.024877 0.026812 0.0045231 0.00063389 0.0027139 0.0033952 0.0015313 0.01975 0.15045 0.00074122 0.0020508 0.0017162 0.0016354 0.00081832 0.0016446 0.0016091 0.00079134
63 0.00078253 0.042949 0.1927 0.0017704 0.00044148 0.00361 0.00049329 0.069694 0.0013877 0.024287 0.0010361 0.26691 0.00081293 0.062198 0.0016538 3.5071e-05 0.061827 0.0011342 0.0013217 0.001818 0.0014769 0.0061154 0.00086018 0.0064769 0.0015194 0.025037 0.026223 0.0045516 0.00062825 0.0027235 0.0034155 0.0015407 0.019926 0.15164 0.00072555 0.0020643 0.0017303 0.0016479 0.00080813 0.001616 0.0016273 0.00078343
64 0.00076222 0.042663 0.19152 0.0018862 0.00041984 0.003566 0.00047455 0.069501 0.0013496 0.024419 0.0010013 0.26642 0.00078814 0.061906 0.0016137 3.3992e-05 0.063267 0.0011478 0.0012956 0.0018456 0.001503 0.0063914 0.00084107 0.006327 0.0014885 0.025183 0.025656 0.0045777 0.00062262 0.0027319 0.003434 0.0015491 0.020089 0.15273 0.0007104 0.0020764 0.0017431 0.0016591 0.00079799 0.0015881 0.0016442 0.00077537
65 0.00074308 0.042394 0.19042 0.0020069 0.00039983 0.003524 0.00045702 0.069315 0.0013136 0.024546 0.00096856 0.26592 0.00076473 0.061619 0.0015754 3.2971e-05 0.064683 0.0011608 0.0012705 0.0018722 0.0015282 0.0066687 0.00082272 0.0061833 0.0014587 0.025318 0.025111 0.0046017 0.00061702 0.0027391 0.0034507 0.0015568 0.02024 0.15374 0.00069576 0.0020872 0.0017549 0.0016691 0.00078792 0.0015607 0.0016596 0.00076718
66 0.000725 0.042141 0.18938 0.0021325 0.00038128 0.0034837 0.00044059 0.069135 0.0012795 0.024671 0.00093771 0.26543 0.00074258 0.061335 0.0015389 3.2005e-05 0.066076 0.0011734 0.0012463 0.001898 0.0015526 0.0069471 0.00080511 0.0060454 0.00143 0.025442 0.024587 0.0046236 0.00061145 0.0027453 0.0034658 0.0015636 0.02038 0.15466 0.00068161 0.0020969 0.0017655 0.0016782 0.00077795 0.0015339 0.0016739 0.00075893
67 0.00070791 0.041904 0.18841 0.0022632 0.00036405 0.0034451 0.00042517 0.068962 0.0012472 0.024792 0.0009086 0.26493 0.0007216 0.061055 0.0015041 3.1089e-05 0.067445 0.0011855 0.001223 0.0019229 0.0015763 0.0072265 0.00078818 0.0059131 0.0014024 0.025555 0.024083 0.0046435 0.00060593 0.0027505 0.0034794 0.0015698 0.02051 0.1555 0.00066793 0.0021055 0.0017752 0.0016862 0.00076809 0.0015078 0.0016869 0.00075063
68 0.00069172 0.04168 0.1875 0.0023991 0.00034802 0.003408 0.00041068 0.068794 0.0012164 0.02491 0.00088109 0.26444 0.0007017 0.060779 0.0014708 3.0219e-05 0.068792 0.0011973 0.0012006 0.001947 0.0015993 0.0075066 0.00077191 0.0057861 0.0013757 0.025659 0.023597 0.0046618 0.00060045 0.0027548 0.0034917 0.0015753 0.020629 0.15627 0.00065472 0.0021132 0.001784 0.0016934 0.00075836 0.0014823 0.0016989 0.00074232
69 0.00067637 0.04147 0.18665 0.0025401 0.00033307 0.0033724 0.00039703 0.068632 0.0011872 0.025025 0.00085507 0.26394 0.00068281 0.060507 0.0014389 2.9392e-05 0.070116 0.0012086 0.0011789 0.0019703 0.0016216 0.0077875 0.00075626 0.005664 0.0013499 0.025755 0.023129 0.0046784 0.00059504 0.0027583 0.0035028 0.0015803 0.02074 0.15697 0.00064194 0.0021199 0.0017919 0.0016998 0.00074877 0.0014574 0.0017099 0.00073403
70 0.00066178 0.041271 0.18584 0.0026865 0.00031912 0.0033381 0.00038416 0.068475 0.0011594 0.025137 0.00083041 0.26345 0.00066485 0.060239 0.0014084 2.8606e-05 0.071419 0.0012195 0.0011581 0.0019929 0.0016433 0.0080689 0.0007412 0.0055467 0.0013251 0.025842 0.022678 0.0046934 0.00058969 0.002761 0.0035126 0.0015847 0.020842 0.15761 0.00062959 0.0021258 0.0017991 0.0017054 0.00073932 0.0014331 0.0017199 0.00072577
71 0.00064791 0.041083 0.18508 0.0028382 0.00030607 0.003305 0.00037201 0.068322 0.0011328 0.025246 0.00080701 0.26296 0.00064775 0.059975 0.0013791 2.7857e-05 0.072702 0.00123 0.0011379 0.0020148 0.0016643 0.0083508 0.00072669 0.0054338 0.0013011 0.025921 0.022243 0.0047071 0.0005844 0.0027631 0.0035214 0.0015886 0.020937 0.15819 0.00061764 0.0021309 0.0018055 0.0017103 0.00073002 0.0014094 0.0017291 0.00071755
72 0.00063471 0.040906 0.18437 0.0029953 0.00029385 0.0032732 0.00036052 0.068174 0.0011075 0.025353 0.0007848 0.26247 0.00063147 0.059715 0.0013511 2.7143e-05 0.073963 0.0012402 0.0011184 0.0020359 0.0016847 0.008633 0.00071272 0.0053251 0.0012779 0.025994 0.021824 0.0047194 0.00057918 0.0027645 0.0035292 0.001592 0.021024 0.15872 0.00060609 0.0021353 0.0018113 0.0017146 0.00072088 0.0013864 0.0017375 0.0007094
73 0.00062212 0.040738 0.18369 0.003158 0.00028239 0.0032425 0.00034965 0.068029 0.0010834 0.025457 0.00076368 0.26198 0.00061593 0.059458 0.0013242 2.6462e-05 0.075205 0.0012501 0.0010996 0.0020565 0.0017045 0.0089155 0.00069924 0.0052204 0.0012555 0.02606 0.021419 0.0047306 0.00057404 0.0027653 0.0035361 0.0015949 0.021104 0.1592 0.00059491 0.0021391 0.0018164 0.0017183 0.0007119 0.0013639 0.0017451 0.00070133
74 0.0006101 0.040578 0.18305 0.0033262 0.00027162 0.0032128 0.00033934 0.067889 0.0010602 0.025558 0.00074357 0.26149 0.00060111 0.059205 0.0012983 2.5812e-05 0.076427 0.0012596 0.0010814 0.0020764 0.0017238 0.0091981 0.00068625 0.0051196 0.0012338 0.026119 0.021028 0.0047405 0.00056896 0.0027656 0.0035421 0.0015975 0.021177 0.15963 0.00058409 0.0021422 0.001821 0.0017214 0.00070308 0.001342 0.001752 0.00069334
75 0.00059862 0.040427 0.18245 0.0035001 0.0002615 0.0031841 0.00032957 0.067752 0.0010381 0.025658 0.00072442 0.26101 0.00058694 0.058956 0.0012734 2.519e-05 0.077631 0.0012688 0.0010638 0.0020956 0.0017425 0.0094809 0.0006737 0.0050223 0.0012129 0.026173 0.02065 0.0047495 0.00056396 0.0027654 0.0035473 0.0015997 0.021245 0.16002 0.00057361 0.0021448 0.001825 0.001724 0.00069442 0.0013207 0.0017583 0.00068545
76 0.00058763 0.040284 0.18188 0.0036797 0.00025196 0.0031564 0.00032028 0.067618 0.0010169 0.025754 0.00070615 0.26053 0.00057339 0.05871 0.0012495 2.4595e-05 0.078815 0.0012778 0.0010468 0.0021144 0.0017607 0.0097636 0.00066159 0.0049285 0.0011926 0.026221 0.020285 0.0047574 0.00055904 0.0027648 0.0035517 0.0016015 0.021307 0.16036 0.00056347 0.0021468 0.0018285 0.0017261 0.00068593 0.0013 0.0017639 0.00067765
77 0.00057712 0.040148 0.18133 0.0038651 0.00024296 0.0031295 0.00031144 0.067487 0.00099659 0.025849 0.00068871 0.26005 0.00056042 0.058468 0.0012264 2.4025e-05 0.079982 0.0012864 0.0010303 0.0021325 0.0017784 0.010046 0.00064989 0.004838 0.0011729 0.026265 0.019932 0.0047644 0.00055419 0.0027637 0.0035554 0.001603 0.021364 0.16067 0.00055364 0.0021484 0.0018316 0.0017278 0.0006776 0.0012797 0.001769 0.00066996
78 0.00056704 0.040018 0.18082 0.0040563 0.00023447 0.0031035 0.00030303 0.067359 0.00097708 0.025941 0.00067205 0.25957 0.00054799 0.058228 0.0012042 2.3479e-05 0.08113 0.0012948 0.0010144 0.0021501 0.0017956 0.010329 0.00063858 0.0047505 0.0011539 0.026303 0.01959 0.0047705 0.00054941 0.0027622 0.0035585 0.0016042 0.021415 0.16094 0.00054412 0.0021495 0.0018342 0.0017291 0.00066943 0.0012601 0.0017735 0.00066238
79 0.00055737 0.039894 0.18033 0.0042535 0.00022644 0.0030782 0.00029502 0.067234 0.00095834 0.026031 0.00065611 0.25909 0.00053607 0.057992 0.0011828 2.2956e-05 0.082261 0.0013029 0.00099889 0.0021672 0.0018124 0.010611 0.00062764 0.004666 0.0011355 0.026338 0.01926 0.0047758 0.00054471 0.0027604 0.003561 0.0016051 0.021462 0.16118 0.00053489 0.0021502 0.0018364 0.00173 0.00066142 0.0012409 0.0017776 0.00065491
80 0.00054809 0.039777 0.17987 0.0044565 0.00021885 0.0030537 0.00028737 0.067112 0.00094033 0.026119 0.00064085 0.25862 0.00052464 0.05776 0.0011622 2.2453e-05 0.083375 0.0013108 0.00098389 0.0021839 0.0018287 0.010893 0.00061706 0.0045843 0.0011176 0.026367 0.018939 0.0047803 0.00054008 0.0027582 0.0035628 0.0016057 0.021505 0.16139 0.00052594 0.0021505 0.0018382 0.0017305 0.00065357 0.0012222 0.0017811 0.00064755
81 0.00053917 0.039664 0.17943 0.0046657 0.00021165 0.0030299 0.00028008 0.066992 0.000923 0.026205 0.00062624 0.25814 0.00051365 0.05753 0.0011422 2.197e-05 0.084473 0.0013184 0.00096933 0.0022 0.0018445 0.011174 0.00060682 0.0045053 0.0011003 0.026393 0.018629 0.0047841 0.00053552 0.0027557 0.0035642 0.0016061 0.021543 0.16157 0.00051726 0.0021504 0.0018397 0.0017307 0.00064588 0.001204 0.0017842 0.00064031
82 0.00053058 0.039557 0.17901 0.0048809 0.00020483 0.0030068 0.0002731 0.066874 0.00090632 0.026289 0.00061222 0.25767 0.0005031 0.057304 0.001123 2.1507e-05 0.085554 0.0013258 0.00095521 0.0022157 0.00186 0.011456 0.0005969 0.0044288 0.0010834 0.026416 0.018329 0.0047872 0.00053104 0.002753 0.0035651 0.0016063 0.021578 0.16172 0.00050883 0.00215 0.0018408 0.0017306 0.00063834 0.0011863 0.0017869 0.00063318
83 0.00052232 0.039455 0.17861 0.0051022 0.00019835 0.0029844 0.00026644 0.066758 0.00089025 0.026371 0.00059878 0.2572 0.00049295 0.05708 0.0011043 2.106e-05 0.086619 0.001333 0.0009415 0.0022309 0.001875 0.011736 0.00058728 0.0043548 0.0010671 0.026434 0.018037 0.0047897 0.00052663 0.00275 0.0035655 0.0016062 0.021608 0.16184 0.00050066 0.0021493 0.0018416 0.0017303 0.00063095 0.001169 0.0017893 0.00062617
84 0.00051437 0.039356 0.17823 0.0053297 0.0001922 0.0029625 0.00026005 0.066644 0.00087476 0.026451 0.00058587 0.25674 0.00048318 0.056859 0.0010863 2.0631e-05 0.087669 0.0013399 0.00092819 0.0022457 0.0018897 0.012017 0.00057797 0.0042831 0.0010512 0.02645 0.017755 0.0047916 0.00052229 0.0027467 0.0035654 0.001606 0.021636 0.16194 0.00049272 0.0021483 0.0018421 0.0017296 0.0006237 0.0011521 0.0017912 0.00061928
85 0.00050669 0.039263 0.17787 0.0055635 0.00018634 0.0029412 0.00025394 0.066532 0.00085981 0.02653 0.00057346 0.25627 0.00047377 0.056641 0.0010689 2.0217e-05 0.088703 0.0013467 0.00091525 0.0022601 0.001904 0.012296 0.00056893 0.0042136 0.0010358 0.026462 0.01748 0.004793 0.00051801 0.0027432 0.0035649 0.0016055 0.02166 0.16202 0.000485 0.002147 0.0018424 0.0017287 0.0006166 0.0011357 0.0017928 0.0006125
86 0.00049929 0.039173 0.17752 0.0058036 0.00018077 0.0029205 0.00024808 0.066422 0.00084539 0.026606 0.00056153 0.25581 0.0004647 0.056426 0.0010521 1.9818e-05 0.089722 0.0013532 0.00090267 0.0022741 0.0019179 0.012575 0.00056016 0.0041462 0.0010209 0.026472 0.017214 0.0047938 0.00051381 0.0027394 0.0035641 0.0016049 0.021681 0.16208 0.00047751 0.0021454 0.0018424 0.0017276 0.00060965 0.0011197 0.0017941 0.00060584
87 0.00049215 0.039086 0.17719 0.00605 0.00017546 0.0029003 0.00024245 0.066314 0.00083145 0.026681 0.00055005 0.25534 0.00045595 0.056213 0.0010357 1.9434e-05 0.090726 0.0013596 0.00089044 0.0022877 0.0019315 0.012854 0.00055165 0.0040809 0.0010063 0.026479 0.016956 0.0047941 0.00050968 0.0027355 0.0035629 0.0016041 0.021699 0.16211 0.00047023 0.0021436 0.0018421 0.0017263 0.00060283 0.0011041 0.0017951 0.00059929
88 0.00048524 0.039003 0.17687 0.0063028 0.0001704 0.0028806 0.00023705 0.066207 0.00081798 0.026754 0.00053899 0.25488 0.00044752 0.056003 0.0010199 1.9063e-05 0.091716 0.0013658 0.00087854 0.002301 0.0019447 0.013132 0.00054339 0.0040175 0.00099216 0.026483 0.016704 0.0047939 0.00050561 0.0027314 0.0035613 0.0016031 0.021714 0.16213 0.00046315 0.0021416 0.0018416 0.0017247 0.00059615 0.0010888 0.0017958 0.00059286
89 0.00047857 0.038924 0.17656 0.0065621 0.00016557 0.0028614 0.00023186 0.066101 0.00080495 0.026826 0.00052834 0.25443 0.00043937 0.055796 0.0010045 1.8705e-05 0.092692 0.0013718 0.00086696 0.0023139 0.0019576 0.013409 0.00053536 0.0039559 0.00097839 0.026484 0.01646 0.0047933 0.00050161 0.0027272 0.0035595 0.001602 0.021726 0.16213 0.00045626 0.0021394 0.001841 0.001723 0.0005896 0.001074 0.0017962 0.00058654
90 0.00047211 0.038847 0.17627 0.0068278 0.00016095 0.0028426 0.00022687 0.065997 0.00079234 0.026896 0.00051807 0.25397 0.0004315 0.055591 0.00098964 1.8359e-05 0.093654 0.0013776 0.00085569 0.0023264 0.0019701 0.013685 0.00052756 0.0038962 0.00096499 0.026484 0.016223 0.0047923 0.00049767 0.0027227 0.0035573 0.0016008 0.021737 0.16211 0.00044956 0.002137 0.0018401 0.0017211 0.00058318 0.0010595 0.0017964 0.00058032
91 0.00046586 0.038774 0.17599 0.0071001 0.00015654 0.0028243 0.00022208 0.065894 0.00078013 0.026964 0.00050817 0.25352 0.00042389 0.055388 0.00097519 1.8025e-05 0.094602 0.0013832 0.00084471 0.0023386 0.0019824 0.013961 0.00051998 0.0038381 0.00095195 0.026481 0.015992 0.0047909 0.00049379 0.0027182 0.0035549 0.0015994 0.021744 0.16207 0.00044304 0.0021344 0.001839 0.001719 0.00057689 0.0010453 0.0017963 0.00057422
92 0.00045981 0.038703 0.17573 0.007379 0.00015232 0.0028064 0.00021746 0.065793 0.00076831 0.027031 0.00049861 0.25306 0.00041654 0.055188 0.00096115 1.7702e-05 0.095537 0.0013887 0.00083401 0.0023505 0.0019944 0.014235 0.00051261 0.0037817 0.00093924 0.026476 0.015767 0.0047891 0.00048997 0.0027135 0.0035521 0.001598 0.02175 0.16202 0.00043669 0.0021316 0.0018377 0.0017168 0.00057072 0.0010315 0.0017961 0.00056822
93 0.00045394 0.038634 0.17547 0.0076644 0.00014829 0.0027889 0.000213 0.065692 0.00075685 0.027096 0.00048937 0.25261 0.00040942 0.05499 0.00094752 1.7389e-05 0.096459 0.0013941 0.00082359 0.002362 0.002006 0.014509 0.00050543 0.0037268 0.00092686 0.026469 0.015549 0.0047869 0.00048622 0.0027086 0.0035492 0.0015964 0.021753 0.16196 0.00043051 0.0021287 0.0018363 0.0017145 0.00056467 0.001018 0.0017956 0.00056233
94 0.00044825 0.038568 0.17522 0.0079566 0.00014442 0.0027718 0.00020872 0.065593 0.00074574 0.02716 0.00048045 0.25216 0.00040253 0.054794 0.00093427 1.7086e-05 0.097368 0.0013992 0.00081343 0.0023733 0.0020174 0.014782 0.00049845 0.0036734 0.0009148 0.02646 0.015336 0.0047844 0.00048252 0.0027037 0.003546 0.0015946 0.021755 0.16188 0.00042449 0.0021256 0.0018348 0.001712 0.00055873 0.0010048 0.0017949 0.00055654
95 0.00044273 0.038505 0.17498 0.0082555 0.00014071 0.0027551 0.00020458 0.065495 0.00073495 0.027222 0.00047182 0.25171 0.00039585 0.0546 0.00092139 1.6793e-05 0.098264 0.0014043 0.00080351 0.0023842 0.0020285 0.015055 0.00049165 0.0036215 0.00090304 0.026449 0.015128 0.0047816 0.00047888 0.0026986 0.0035425 0.0015928 0.021754 0.16179 0.00041862 0.0021224 0.001833 0.0017094 0.00055292 0.00099198 0.001794 0.00055085
96 0.00043738 0.038443 0.17475 0.008561 0.00013715 0.0027387 0.00020059 0.065397 0.00072449 0.027283 0.00046347 0.25127 0.00038939 0.054409 0.00090886 1.6509e-05 0.099148 0.0014092 0.00079385 0.0023949 0.0020393 0.015326 0.00048503 0.0035709 0.00089157 0.026437 0.014926 0.0047785 0.0004753 0.0026935 0.0035389 0.0015909 0.021752 0.16169 0.0004129 0.0021191 0.0018312 0.0017066 0.00054721 0.00097941 0.001793 0.00054526
97 0.00043217 0.038384 0.17453 0.0088734 0.00013374 0.0027227 0.00019673 0.065301 0.00071432 0.027342 0.00045539 0.25082 0.00038312 0.054219 0.00089666 1.6234e-05 0.10002 0.0014139 0.00078441 0.0024052 0.0020499 0.015596 0.00047857 0.0035217 0.00088038 0.026423 0.014729 0.0047751 0.00047177 0.0026882 0.0035351 0.0015889 0.021748 0.16157 0.00040733 0.0021156 0.0018292 0.0017038 0.00054161 0.00096712 0.0017918 0.00053977
98 0.00042712 0.038326 0.17432 0.0091926 0.00013046 0.002707 0.00019301 0.065205 0.00070445 0.027401 0.00044757 0.25038 0.00037703 0.054032 0.0008848 1.5967e-05 0.10088 0.0014185 0.0007752 0.0024154 0.0020602 0.015865 0.00047229 0.0034738 0.00086947 0.026407 0.014537 0.0047715 0.00046829 0.0026829 0.0035311 0.0015869 0.021742 0.16145 0.00040189 0.002112 0.0018271 0.0017008 0.00053612 0.00095511 0.0017904 0.00053438
99 0.0004222 0.03827 0.17411 0.0095186 0.00012731 0.0026916 0.00018941 0.06511 0.00069485 0.027457 0.00043999 0.24993 0.00037113 0.053846 0.00087324 1.5708e-05 0.10173 0.001423 0.0007662 0.0024252 0.0020702 0.016134 0.00046616 0.0034271 0.00085881 0.02639 0.01435 0.0047676 0.00046487 0.0026774 0.0035269 0.0015847 0.021735 0.16131 0.00039659 0.0021084 0.0018249 0.0016978 0.00053073 0.00094337 0.0017889 0.00052908
100 0.00041742 0.038216 0.17391 0.0098516 0.00012428 0.0026765 0.00018593 0.065016 0.00068551 0.027513 0.00043265 0.24949 0.0003654 0.053662 0.00086198 1.5456e-05 0.10256 0.0014274 0.00075741 0.0024348 0.0020801 0.016401 0.00046018 0.0033816 0.00084841 0.026372 0.014167 0.0047634 0.0004615 0.002672 0.0035225 0.0015825 0.021726 0.16117 0.00039141 0.0021046 0.0018226 0.0016947 0.00052544 0.00093189 0.0017872 0.00052387
101 0.00041277 0.038164 0.17372 0.010191 0.00012137 0.0026617 0.00018256 0.064923 0.00067644 0.027567 0.00042553 0.24905 0.00035984 0.05348 0.00085101 1.5212e-05 0.10339 0.0014316 0.00074883 0.0024441 0.0020896 0.016668 0.00045435 0.0033372 0.00083825 0.026352 0.013989 0.004759 0.00045818 0.0026664 0.003518 0.0015802 0.021716 0.16101 0.00038636 0.0021007 0.0018201 0.0016915 0.00052024 0.00092067 0.0017854 0.00051875
102 0.00040825 0.038113 0.17353 0.010538 0.00011856 0.0026471 0.0001793 0.06483 0.0006676 0.02762 0.00041862 0.24861 0.00035443 0.0533 0.00084031 1.4975e-05 0.1042 0.0014357 0.00074044 0.0024532 0.002099 0.016933 0.00044866 0.0032939 0.00082832 0.026332 0.013815 0.0047544 0.00045491 0.0026608 0.0035133 0.0015778 0.021705 0.16085 0.00038142 0.0020968 0.0018176 0.0016882 0.00051515 0.00090968 0.0017835 0.00051372
103 0.00040384 0.038063 0.17335 0.010892 0.00011586 0.0026329 0.00017614 0.064738 0.000659 0.027672 0.00041192 0.24818 0.00034918 0.053122 0.00082988 1.4745e-05 0.10501 0.0014397 0.00073223 0.002462 0.0021081 0.017197 0.0004431 0.0032516 0.00081862 0.02631 0.013645 0.0047496 0.00045169 0.0026551 0.0035085 0.0015754 0.021692 0.16068 0.0003766 0.0020927 0.001815 0.0016848 0.00051014 0.00089894 0.0017815 0.00050877
104 0.00039954 0.038015 0.17317 0.011253 0.00011326 0.0026189 0.00017309 0.064646 0.00065062 0.027723 0.00040541 0.24774 0.00034407 0.052945 0.00081971 1.4521e-05 0.1058 0.0014436 0.00072421 0.0024707 0.002117 0.01746 0.00043768 0.0032104 0.00080914 0.026286 0.013479 0.0047446 0.00044852 0.0026493 0.0035036 0.0015729 0.021678 0.1605 0.0003719 0.0020886 0.0018123 0.0016814 0.00050523 0.00088842 0.0017793 0.00050391
105 0.00039535 0.037968 0.173 0.01162 0.00011075 0.0026052 0.00017012 0.064555 0.00064245 0.027772 0.00039909 0.2473 0.0003391 0.05277 0.00080978 1.4303e-05 0.10658 0.0014473 0.00071636 0.0024791 0.0021257 0.017723 0.00043238 0.0031702 0.00079987 0.026262 0.013317 0.0047394 0.00044539 0.0026436 0.0034985 0.0015704 0.021663 0.16032 0.0003673 0.0020845 0.0018095 0.0016779 0.00050041 0.00087812 0.0017771 0.00049913
106 0.00039127 0.037922 0.17284 0.011995 0.00010833 0.0025917 0.00016725 0.064465 0.0006345 0.02782 0.00039294 0.24687 0.00033426 0.052597 0.00080009 1.4091e-05 0.10735 0.001451 0.00070868 0.0024872 0.0021342 0.017984 0.0004272 0.0031309 0.0007908 0.026237 0.013158 0.004734 0.0004423 0.0026377 0.0034933 0.0015678 0.021647 0.16012 0.0003628 0.0020802 0.0018066 0.0016744 0.00049567 0.00086804 0.0017747 0.00049443
107 0.00038729 0.037877 0.17268 0.012377 0.00010599 0.0025784 0.00016446 0.064375 0.00062674 0.027867 0.00038697 0.24644 0.00032955 0.052425 0.00079062 1.3885e-05 0.10811 0.0014545 0.00070117 0.0024952 0.0021425 0.018243 0.00042214 0.0030925 0.00078193 0.02621 0.013004 0.0047285 0.00043926 0.0026318 0.0034881 0.0015652 0.02163 0.15992 0.00035841 0.0020759 0.0018037 0.0016708 0.00049101 0.00085817 0.0017723 0.00048981
108 0.0003834 0.037834 0.17252 0.012766 0.00010373 0.0025653 0.00016175 0.064285 0.00061917 0.027913 0.00038116 0.246 0.00032497 0.052255 0.00078138 1.3684e-05 0.10886 0.001458 0.00069381 0.0025029 0.0021506 0.018502 0.0004172 0.003055 0.00077326 0.026183 0.012852 0.0047228 0.00043627 0.0026259 0.0034827 0.0015625 0.021611 0.15972 0.00035411 0.0020715 0.0018007 0.0016671 0.00048644 0.00084851 0.0017697 0.00048526
109 0.0003796 0.037791 0.17236 0.013162 0.00010155 0.0025525 0.00015912 0.064196 0.00061179 0.027958 0.00037552 0.24557 0.0003205 0.052086 0.00077235 1.3489e-05 0.1096 0.0014613 0.00068661 0.0025105 0.0021585 0.01876 0.00041236 0.0030184 0.00076476 0.026155 0.012704 0.0047169 0.00043331 0.00262 0.0034772 0.0015597 0.021592 0.15951 0.00034991 0.0020671 0.0017976 0.0016634 0.00048194 0.00083904 0.0017671 0.00048079
110 0.0003759 0.03775 0.17222 0.013566 9.9445e-05 0.0025399 0.00015657 0.064107 0.00060458 0.028002 0.00037002 0.24514 0.00031615 0.051919 0.00076352 1.3298e-05 0.11033 0.0014646 0.00067955 0.0025178 0.0021663 0.019016 0.00040763 0.0029826 0.00075645 0.026126 0.012559 0.0047109 0.0004304 0.002614 0.0034716 0.001557 0.021572 0.15929 0.0003458 0.0020627 0.0017945 0.0016597 0.00047752 0.00082976 0.0017644 0.0004764
111 0.00037228 0.037709 0.17207 0.013976 9.7408e-05 0.0025275 0.00015409 0.064019 0.00059754 0.028044 0.00036467 0.24471 0.0003119 0.051753 0.00075489 1.3113e-05 0.11105 0.0014677 0.00067264 0.002525 0.0021738 0.019272 0.00040301 0.0029476 0.00074831 0.026096 0.012417 0.0047047 0.00042753 0.002608 0.0034659 0.0015542 0.021551 0.15907 0.00034178 0.0020582 0.0017913 0.0016559 0.00047318 0.00082066 0.0017616 0.00047207
112 0.00036874 0.037669 0.17193 0.014394 9.5437e-05 0.0025153 0.00015168 0.063931 0.00059067 0.028086 0.00035946 0.24428 0.00030777 0.051588 0.00074646 1.2932e-05 0.11176 0.0014708 0.00066587 0.002532 0.0021811 0.019526 0.00039848 0.0029133 0.00074033 0.026066 0.012278 0.0046985 0.00042469 0.0026019 0.0034601 0.0015513 0.021529 0.15884 0.00033784 0.0020536 0.0017881 0.0016521 0.00046891 0.00081175 0.0017588 0.00046782
113 0.00036528 0.03763 0.17179 0.014819 9.353e-05 0.0025032 0.00014933 0.063843 0.00058396 0.028126 0.00035438 0.24386 0.00030373 0.051425 0.0007382 1.2755e-05 0.11246 0.0014738 0.00065923 0.0025387 0.0021883 0.019779 0.00039405 0.0028798 0.00073252 0.026035 0.012143 0.0046921 0.0004219 0.0025959 0.0034543 0.0015484 0.021506 0.1586 0.00033398 0.002049 0.0017848 0.0016482 0.00046472 0.00080301 0.0017559 0.00046363
114 0.0003619 0.037592 0.17165 0.015251 9.1684e-05 0.0024914 0.00014705 0.063755 0.0005774 0.028166 0.00034943 0.24343 0.00029979 0.051264 0.00073013 1.2583e-05 0.11316 0.0014767 0.00065272 0.0025453 0.0021953 0.020031 0.00038971 0.002847 0.00072486 0.026003 0.01201 0.0046855 0.00041914 0.0025898 0.0034483 0.0015455 0.021483 0.15837 0.00033021 0.0020444 0.0017815 0.0016444 0.00046059 0.00079444 0.0017529 0.00045951
115 0.00035859 0.037554 0.17151 0.01569 8.9897e-05 0.0024797 0.00014484 0.063668 0.00057098 0.028204 0.00034461 0.243 0.00029595 0.051103 0.00072222 1.2415e-05 0.11384 0.0014795 0.00064633 0.0025518 0.0022022 0.020282 0.00038546 0.0028149 0.00071736 0.02597 0.011879 0.0046789 0.00041642 0.0025837 0.0034424 0.0015426 0.021459 0.15812 0.00032651 0.0020397 0.0017781 0.0016404 0.00045653 0.00078603 0.0017498 0.00045546
