# nue-Oxygen Excitation Energy Probability Database (Obtained from Nakazato,Suzuki,Sakuda
# paper. Arxiv: 1809.08398v1,  DOI: 10.1093/ptep/0000000000 
# Threshold (MeV) low to high, parity(0 = +,1 = -),partial xscn at 20,40,60 MeV,
# and Ag,Bg,Cg coefficients (of the fit in the paper) extracted by me, (Baran Bodur)
# Ground State Threshold Energy = 14.91 MeV, subtract to get excitation energy of FS nucleus
#
14.91 0 1 1.28e-45 3.54e-44 1.32e-43  
15.16 1 1 3.10e-45 9.96e-43 6.81e-42
15.21 2 1 3.16e-44 4.38e-42 3.05e-41
15.25 3 1 1.00e-46 3.80e-45 2.25e-43
18.67 1 0 2.15e-46 4.37e-44 8.03e-44 
19.42 2 1 1.00e-47 9.18e-44 5.82e-43
19.43 1 0 1.00e-47 3.22e-44 8.65e-44
20.57 1 1 0 1.22e-42 1.09e-41
20.69 1 0 0 5.99e-44 2.35e-43
21.62 2 1 0 3.04e-43 3.70e-42
21.94 1 0 0 5.50e-44 1.79e-43
22.48 2 1 0 4.22e-42 4.16e-41 
22.97 1 0 0 3.75e-44 1.39e-43
23.28 1 1 0 1.06e-42 9.78e-42
24.43 1 0 0 5.76e-44 2.77e-43
24.86 1 0 0 1.56e-45 6.00e-45
25.52 1 1 0 3.22e-43 8.89e-42
25.72 1 1 0 9.03e-45 1.69e-43
26.60 1 0 0 3.55e-44 2.18e-43
26.73 1 1 0 1.19e-44 2.68e-43
27.22 1 1 0 8.45e-45 2.16e-43
27.26 2 1 0 1.18e-44 8.21e-43
27.42 1 0 0 2.47e-44 1.43e-43
27.58 0 1 0 1.92e-43 1.08e-42
27.81 1 0 0 3.96e-44 2.51e-43
27.83 2 1 0 2.20e-43 3.80e-42
27.99 0 1 0 7.15e-43 4.35e-42
28.09 1 0 0 3.94e-44 6.91e-43
28.11 2 1 0 1.00e-44 1.00e-43
28.15 1 1 0 2.62e-44 4.17e-43
28.52 1 1 0 2.90e-44 5.19e-43 
28.93 2 1 0 1.26e-44 2.34e-43
29.20 1 1 0 1.42e-43 3.00e-42
29.36 1 1 0 1.11e-42 2.29e-41
29.97 1 0 0 1.72e-44 1.20e-43 
29.98 1 1 0 1.51e-44 3.13e-43
30.25 1 1 0 1.15e-44 2.61e-43
30.81 1 1 0 1.06e-44 2.49e-43
31.09 1 0 0 1.21e-44 1.30e-43
31.70 1 0 0 2.86e-44 2.64e-43
31.76 1 1 0 7.93e-45 2.43e-43
32.99 1 0 0 8.63e-45 1.25e-43

