1 0 0 0 0 0 0 0 0 0 0 0 0 0 0 0 0 0 0 0 0
2 0 0 0 0 0 0 0 0 0 0 0 0 0 0 0 0 0 0 0 0
3 0 0 0 0 0 0 0 0 0 0 0 0 0 0 0 0 0 0 0 0
4 0 0 0 0 0 0 0 0 0 0 0 0 0 0 0 0 0 0 0 0
5 0 0 0 0 0 0 0 0 0 0 0 0 0 0 0 0 0 0 0 0
6 0 0 0 0 0 0 0 0 0 0 0 0 0 0 0 0 0 0 0 0
7 0 0 0 0 0 0 0 0 0 0 0 0 0 0 0 0 0 0 0 0
8 0 0 0 0 0 0 0 0 0 0 0 0 0 0 0 0 0 0 0 0
9 0 0 0 0 0 0 0 0 0 0 0 0 0 0 0 0 0 0 0 0
10 0 0 0 0 0 0 0 0 0 0 0 0 0 0 0 0 0 0 0 0
11 0 0 0 0 0 0 0 0 0 0 0 0 0 0 0 0 0 0 0 0
12 0 0 0 0 0 0 0 0 0 0 0 0 0 0 0 0 0 0 0 0
13 0 0 0 0 0 0 0 0 0 0 0 0 0 0 0 0 0 0 0 0
14 0 0 0 0 0 0 0 0 0 0 0 0 0 0 0 0 0 0 0 0
15 0 0 0 0 0 0 0 0 0 0 0 0 0 0 0 0 0 0 0 0
16 3.5243e-08 3.0335e-08 2.8869e-08 2.8271e-08 2.8326e-08 2.851e-08 2.8825e-08 2.9064e-08 2.8522e-08 2.7981e-08 2.7125e-08 2.5954e-08 2.4783e-08 2.3551e-08 2.2312e-08 2.0975e-08 1.9539e-08 1.8436e-08 1.7776e-08 1.3223e-08
17 7.2754e-08 6.5215e-08 6.203e-08 6.0382e-08 5.989e-08 5.9483e-08 5.9161e-08 5.8704e-08 5.6843e-08 5.4982e-08 5.2641e-08 4.9818e-08 4.6995e-08 4.4254e-08 4.1521e-08 3.9373e-08 3.781e-08 3.5605e-08 3.2544e-08 2.7729e-08
18 1.1299e-07 1.0552e-07 1.0146e-07 9.8748e-08 9.7041e-08 9.4565e-08 9.1319e-08 8.7947e-08 8.3273e-08 7.8599e-08 7.4189e-08 7.0043e-08 6.5896e-08 6.2193e-08 5.8533e-08 5.5787e-08 5.3955e-08 5.0613e-08 4.5262e-08 4.282e-08
19 3.2968e-07 3.1282e-07 3.0165e-07 2.9009e-07 2.7822e-07 2.6633e-07 2.5442e-07 2.4258e-07 2.3139e-07 2.2021e-07 2.0881e-07 1.9722e-07 1.8562e-07 1.7536e-07 1.6522e-07 1.5522e-07 1.4533e-07 1.3476e-07 1.2326e-07 1.1573e-07
20 5.3748e-07 5.1947e-07 4.9717e-07 4.7569e-07 4.5481e-07 4.3512e-07 4.1661e-07 3.9815e-07 3.8032e-07 3.6248e-07 3.4468e-07 3.2691e-07 3.0914e-07 2.9175e-07 2.7439e-07 2.5681e-07 2.3902e-07 2.2122e-07 2.0343e-07 1.8658e-07
21 7.5821e-07 7.2484e-07 6.9646e-07 6.6686e-07 6.3634e-07 6.0773e-07 5.8106e-07 5.5451e-07 5.2927e-07 5.0403e-07 4.7862e-07 4.5304e-07 4.2745e-07 4.0267e-07 3.7798e-07 3.5434e-07 3.3176e-07 3.0844e-07 2.8411e-07 2.5901e-07
22 1.4628e-06 1.3974e-06 1.3371e-06 1.2793e-06 1.2235e-06 1.1676e-06 1.1118e-06 1.0564e-06 1.0051e-06 9.538e-07 9.0289e-07 8.524e-07 8.019e-07 7.5607e-07 7.1069e-07 6.654e-07 6.2021e-07 5.7596e-07 5.3294e-07 4.8937e-07
23 2.1737e-06 2.0804e-06 1.9862e-06 1.8987e-06 1.8161e-06 1.7321e-06 1.6467e-06 1.5619e-06 1.484e-06 1.4061e-06 1.329e-06 1.2527e-06 1.1763e-06 1.1058e-06 1.036e-06 9.668e-07 8.9836e-07 8.3315e-07 7.7223e-07 7.1157e-07
24 5.1924e-06 4.9751e-06 4.7454e-06 4.5262e-06 4.3148e-06 4.1098e-06 3.9111e-06 3.7131e-06 3.5219e-06 3.3308e-06 3.1445e-06 2.9629e-06 2.7814e-06 2.6068e-06 2.4328e-06 2.2655e-06 2.1048e-06 1.9488e-06 1.799e-06 1.656e-06
25 6.7789e-06 6.4881e-06 6.2094e-06 5.93e-06 5.6501e-06 5.3732e-06 5.0995e-06 4.8276e-06 4.5739e-06 4.3203e-06 4.0736e-06 3.8338e-06 3.594e-06 3.3641e-06 3.1352e-06 2.9153e-06 2.7044e-06 2.4985e-06 2.2992e-06 2.1109e-06
26 8.8849e-06 8.4983e-06 8.1092e-06 7.7313e-06 7.3616e-06 6.9963e-06 6.6354e-06 6.2767e-06 5.9411e-06 5.6055e-06 5.2812e-06 4.9683e-06 4.6553e-06 4.3492e-06 4.0437e-06 3.7528e-06 3.4763e-06 3.207e-06 2.9472e-06 2.7043e-06
27 1.0983e-05 1.0508e-05 1.0021e-05 9.5442e-06 9.0749e-06 8.6209e-06 8.1823e-06 7.745e-06 7.3208e-06 6.8966e-06 6.4872e-06 6.0925e-06 5.6978e-06 5.3229e-06 4.95e-06 4.591e-06 4.246e-06 3.9078e-06 3.5789e-06 3.2875e-06
28 1.3068e-05 1.2504e-05 1.1936e-05 1.137e-05 1.0805e-05 1.0258e-05 9.7301e-06 9.2035e-06 8.6948e-06 8.1862e-06 7.6957e-06 7.2234e-06 6.7511e-06 6.302e-06 5.8551e-06 5.4231e-06 5.0058e-06 4.5996e-06 4.2081e-06 3.8501e-06
29 1.8158e-05 1.7362e-05 1.6565e-05 1.5772e-05 1.4984e-05 1.422e-05 1.3482e-05 1.2747e-05 1.204e-05 1.1334e-05 1.065e-05 9.9888e-06 9.3279e-06 8.6987e-06 8.0726e-06 7.4676e-06 6.8835e-06 6.3184e-06 5.7784e-06 5.2642e-06
30 2.3279e-05 2.2245e-05 2.1205e-05 2.0192e-05 1.9198e-05 1.8219e-05 1.7252e-05 1.6291e-05 1.5388e-05 1.4484e-05 1.3603e-05 1.2745e-05 1.1887e-05 1.1077e-05 1.0272e-05 9.4915e-06 8.7369e-06 8.0112e-06 7.324e-06 6.6617e-06
31 2.8459e-05 2.7181e-05 2.5884e-05 2.4628e-05 2.3404e-05 2.2203e-05 2.1026e-05 1.9855e-05 1.8739e-05 1.7623e-05 1.6542e-05 1.5495e-05 1.4449e-05 1.345e-05 1.2456e-05 1.1498e-05 1.0575e-05 9.687e-06 8.8435e-06 8.0487e-06
32 3.5684e-05 3.4047e-05 3.2467e-05 3.0905e-05 2.9357e-05 2.7837e-05 2.6346e-05 2.4862e-05 2.3449e-05 2.2036e-05 2.0669e-05 1.9349e-05 1.803e-05 1.6775e-05 1.5528e-05 1.4326e-05 1.3171e-05 1.2051e-05 1.0977e-05 9.98e-06
33 4.6072e-05 4.3954e-05 4.1905e-05 3.9878e-05 3.7868e-05 3.5894e-05 3.3956e-05 3.2029e-05 3.0206e-05 2.8384e-05 2.6615e-05 2.4901e-05 2.3186e-05 2.1548e-05 1.9917e-05 1.8355e-05 1.686e-05 1.5408e-05 1.4011e-05 1.2735e-05
34 5.6492e-05 5.3918e-05 5.1384e-05 4.8879e-05 4.6397e-05 4.3965e-05 4.1583e-05 3.9213e-05 3.6967e-05 3.4721e-05 3.2539e-05 3.0421e-05 2.8303e-05 2.6297e-05 2.4301e-05 2.238e-05 2.0536e-05 1.8746e-05 1.7028e-05 1.5449e-05
35 6.6947e-05 6.3925e-05 6.0915e-05 5.7927e-05 5.4955e-05 5.2058e-05 4.9234e-05 4.6424e-05 4.3749e-05 4.1074e-05 3.8469e-05 3.5933e-05 3.3398e-05 3.1018e-05 2.8654e-05 2.637e-05 2.4168e-05 2.2034e-05 1.9991e-05 1.81e-05
36 8.2591e-05 7.8862e-05 7.5125e-05 7.1408e-05 6.7706e-05 6.4114e-05 6.0633e-05 5.7167e-05 5.3864e-05 5.056e-05 4.7337e-05 4.4194e-05 4.1051e-05 3.8086e-05 3.5137e-05 3.2296e-05 2.9561e-05 2.6922e-05 2.4408e-05 2.2037e-05
37 9.9607e-05 9.508e-05 9.0492e-05 8.6006e-05 8.1596e-05 7.7265e-05 7.3012e-05 6.8784e-05 6.4817e-05 6.085e-05 5.6956e-05 5.3135e-05 4.9315e-05 4.5704e-05 4.2113e-05 3.866e-05 3.5344e-05 3.2152e-05 2.9126e-05 2.6226e-05
38 0.00011681 0.00011144 0.00010599 0.00010072 9.5564e-05 9.0486e-05 8.5484e-05 8.0506e-05 7.5771e-05 7.1036e-05 6.6439e-05 6.1979e-05 5.7519e-05 5.3277e-05 4.9056e-05 4.499e-05 4.1077e-05 3.7298e-05 3.3695e-05 3.04e-05
39 0.00013563 0.00012933 0.00012317 0.00011709 0.00011107 0.00010513 9.9292e-05 9.3474e-05 8.7906e-05 8.2338e-05 7.6955e-05 7.1758e-05 6.6561e-05 6.1604e-05 5.6671e-05 5.1933e-05 4.7392e-05 4.2989e-05 3.8771e-05 3.4907e-05
40 0.00018144 0.00017226 0.00016277 0.00015343 0.0001442 0.00013502 0.00012587 0.00011676 0.00010794 9.9117e-05 9.0454e-05 8.195e-05 7.3446e-05 6.546e-05 5.7524e-05 4.9771e-05 4.22e-05 3.4883e-05 2.7904e-05 2.138e-05
41 0.00021075 0.00019994 0.00018901 0.00017817 0.00016738 0.00015672 0.00014619 0.00013568 0.00012535 0.00011502 0.00010491 9.5011e-05 8.5112e-05 7.5756e-05 6.6452e-05 5.7386e-05 4.8557e-05 4.0006e-05 3.1825e-05 2.4224e-05
42 0.00024034 0.00022784 0.00021538 0.000203 0.00019067 0.00017851 0.00016653 0.00015457 0.00014277 0.00013097 0.00011939 0.00010804 9.6693e-05 8.5964e-05 7.5295e-05 6.4905e-05 5.4793e-05 4.4997e-05 3.562e-05 2.6914e-05
43 0.00027733 0.00026321 0.00024874 0.0002344 0.00022017 0.00020612 0.00019223 0.00017837 0.00016472 0.00015108 0.00013767 0.0001245 0.00011132 9.8862e-05 8.6474e-05 7.4408e-05 6.2663e-05 5.1291e-05 4.0415e-05 3.0298e-05
44 0.00032023 0.0003033 0.0002867 0.0002702 0.00025376 0.00023751 0.00022144 0.00020541 0.00018968 0.00017395 0.00015848 0.00014327 0.00012806 0.00011362 9.9248e-05 8.5247e-05 7.1614e-05 5.8421e-05 4.5813e-05 3.413e-05
45 0.00036225 0.00034346 0.00032479 0.00030612 0.00028746 0.00026901 0.00025077 0.00023257 0.00021472 0.00019687 0.00017931 0.00016205 0.00014479 0.00012835 0.000112 9.6038e-05 8.0478e-05 6.5422e-05 5.1035e-05 3.7774e-05
46 0.00040465 0.00038351 0.00036264 0.00034189 0.00032122 0.00030066 0.00028019 0.00025977 0.00023983 0.00021989 0.00020024 0.00018088 0.00016152 0.00014308 0.00012473 0.00010681 8.93e-05 7.234e-05 5.6106e-05 4.1249e-05
47 0.00046568 0.0004417 0.00041764 0.00039381 0.00037014 0.0003465 0.00032289 0.00029933 0.00027632 0.0002533 0.0002306 0.00020822 0.00018583 0.00016447 0.00014321 0.00012244 0.00010216 8.2474e-05 6.359e-05 4.6404e-05
48 0.00052698 0.00049976 0.00047272 0.00044577 0.00041888 0.00039215 0.00036558 0.00033906 0.00031294 0.00028682 0.00026105 0.00023562 0.00021019 0.00018585 0.00016162 0.00013799 0.00011499 9.2584e-05 7.0981e-05 5.1338e-05
49 0.00058851 0.00055802 0.00052795 0.00049787 0.00046776 0.00043792 0.00040836 0.00037884 0.00034961 0.00032039 0.00029152 0.00026301 0.00023449 0.00020715 0.00017993 0.00015342 0.00012764 0.00010247 7.8145e-05 5.601e-05
50 0.00065717 0.00062309 0.00058955 0.00055604 0.00052256 0.00048931 0.00045631 0.00042333 0.00039066 0.00035798 0.00032567 0.00029372 0.00026178 0.0002311 0.00020054 0.00017077 0.00014178 0.0001135 8.6162e-05 6.1218e-05
51 0.00073639 0.00069842 0.00066099 0.00062356 0.00058614 0.00054893 0.00051192 0.00047495 0.00043827 0.0004016 0.00036531 0.00032943 0.00029354 0.00025897 0.00022453 0.00019093 0.00015818 0.00012625 9.5418e-05 6.7246e-05
52 0.00081504 0.00077323 0.00073217 0.00069096 0.00064965 0.00060852 0.00056758 0.00052666 0.00048597 0.00044529 0.00040506 0.0003653 0.00032554 0.00028706 0.00024871 0.00021123 0.00017461 0.00013895 0.00010455 7.3127e-05
53 0.00089341 0.00084795 0.00080319 0.00075828 0.00071326 0.00066828 0.00062334 0.00057843 0.00053381 0.00048919 0.00044502 0.00040129 0.00035756 0.00031513 0.00027282 0.00023143 0.00019097 0.00015153 0.00011345 7.8693e-05
54 0.00099441 0.00094418 0.00089459 0.00084492 0.00079518 0.00074528 0.00069522 0.00064521 0.00059562 0.00054604 0.0004968 0.00044792 0.00039903 0.00035145 0.00030399 0.0002576 0.00021227 0.00016799 0.00012512 8.6025e-05
55 0.0011008 0.0010458 0.00099126 0.00093651 0.00088158 0.00082649 0.00077125 0.00071604 0.0006611 0.00060615 0.00055151 0.00049716 0.00044282 0.0003898 0.0003369 0.00028523 0.00023476 0.00018535 0.00013732 9.3501e-05
56 0.0012073 0.001147 0.0010877 0.0010279 0.00096779 0.00090762 0.00084741 0.00078719 0.0007268 0.00066641 0.00060631 0.00054648 0.00048666 0.00042823 0.00036993 0.00031295 0.00025729 0.00020265 0.00014936 0.00010068
57 0.0013199 0.0012543 0.0011898 0.0011248 0.0010594 0.00099396 0.00092843 0.00086284 0.00079671 0.00073059 0.00066472 0.0005991 0.00053347 0.00046928 0.00040523 0.00034255 0.00028122 0.00022098 0.00016216 0.00010828
58 0.0014582 0.0013868 0.0013158 0.0012444 0.0011725 0.0011006 0.0010286 0.00095646 0.00088332 0.00081017 0.00073722 0.00066447 0.00059172 0.0005204 0.00044922 0.00037945 0.00031109 0.00024388 0.00017817 0.00011792
59 0.0015959 0.0015185 0.0014417 0.0013641 0.0012858 0.0012074 0.0011287 0.00105 0.00096984 0.00088971 0.00080975 0.00072996 0.00065016 0.00057171 0.00049338 0.00041648 0.00034101 0.00026677 0.00019417 0.00012732
60 0.0017319 0.0016493 0.0015672 0.0014838 0.0013995 0.0013145 0.0012291 0.0011435 0.0010565 0.00096952 0.00088259 0.00079571 0.00070883 0.00062318 0.00053766 0.00045358 0.00037093 0.00028959 0.00021 0.00013634
61 0.0018682 0.0017801 0.0016924 0.0016032 0.0015129 0.0014217 0.0013296 0.0012373 0.0011439 0.0010505 0.0009567 0.00086256 0.00076842 0.00067551 0.00058273 0.0004914 0.00040152 0.00031291 0.00022599 0.00014561
62 0.0020036 0.001911 0.0018177 0.0017227 0.0016264 0.001529 0.0014304 0.0013317 0.0012319 0.0011322 0.0010316 0.00093004 0.00082852 0.00072833 0.00062828 0.00052966 0.0004325 0.00033648 0.00024198 0.00015465
63 0.0021384 0.0020405 0.001942 0.0018414 0.0017393 0.0016361 0.0015318 0.0014272 0.0013206 0.0012141 0.0011065 0.00099777 0.00088908 0.00078162 0.00067428 0.00056821 0.00046339 0.00035983 0.00025795 0.00016317
64 0.0022728 0.002169 0.0020653 0.0019595 0.0018519 0.0017432 0.0016332 0.001523 0.0014096 0.0012961 0.0011816 0.0010658 0.00095005 0.00083533 0.00072072 0.00060707 0.00049439 0.00038317 0.0002739 0.00017148
65 0.0024515 0.0023412 0.0022303 0.0021171 0.0020022 0.0018859 0.001768 0.0016497 0.0015274 0.001405 0.0012813 0.001156 0.0010308 0.0009064 0.00078213 0.00065874 0.00053625 0.00041498 0.00029533 0.00018313
66 0.0026284 0.0025123 0.0023947 0.0022745 0.0021523 0.0020283 0.0019026 0.0017763 0.0016452 0.001514 0.0013812 0.0012466 0.001112 0.00097802 0.00084408 0.00071088 0.00057842 0.00044697 0.00031687 0.00019459
67 0.0028027 0.0026822 0.002559 0.0024322 0.0023028 0.0021712 0.0020374 0.001903 0.001763 0.001623 0.0014812 0.0013375 0.0011938 0.0010501 0.00090644 0.00076318 0.00062034 0.00047856 0.00033822 0.00020582
68 0.0029902 0.0028637 0.0027342 0.0026005 0.0024637 0.0023242 0.0021821 0.0020393 0.0018902 0.0017412 0.0015898 0.0014362 0.0012826 0.0011286 0.00097441 0.00082032 0.00066628 0.00051327 0.00036162 0.00021836
69 0.0031954 0.0030641 0.0029274 0.0027857 0.0026403 0.0024922 0.0023414 0.0021899 0.0020315 0.0018732 0.0017116 0.0015467 0.0013819 0.0012162 0.0010505 0.00088439 0.00071804 0.00055254 0.00038818 0.00023264
70 0.0033999 0.003262 0.003119 0.0029697 0.0028158 0.0026595 0.0025009 0.0023415 0.0021735 0.0020055 0.0018336 0.0016579 0.0014821 0.0013048 0.0011274 0.00094912 0.00077007 0.00059186 0.00041477 0.00024635
71 0.0036013 0.0034577 0.0033079 0.0031517 0.0029909 0.0028274 0.0026613 0.0024942 0.0023164 0.0021386 0.0019564 0.0017698 0.0015832 0.0013941 0.0012048 0.0010142 0.00082227 0.00063121 0.00044135 0.0002598
72 0.0038254 0.003671 0.0035134 0.0033499 0.0031819 0.0030107 0.0028363 0.0026607 0.0024726 0.0022844 0.0020911 0.0018926 0.0016942 0.0014922 0.00129 0.001086 0.00088041 0.00067523 0.00047063 0.00027487
73 0.0040458 0.0038878 0.0037238 0.0035535 0.0033784 0.0031991 0.0030155 0.0028306 0.0026317 0.0024328 0.0022283 0.0020181 0.0018079 0.0015929 0.0013774 0.0011599 0.00094026 0.00072053 0.00050064 0.00028993
74 0.004263 0.0041006 0.0039321 0.003756 0.0035741 0.003387 0.0031946 0.0030008 0.0027912 0.0025817 0.0023662 0.0021446 0.0019231 0.0016951 0.0014664 0.0012349 0.0010005 0.0007659 0.00053087 0.00030542
75 0.0044926 0.004325 0.0041508 0.0039675 0.0037775 0.0035824 0.0033823 0.0031805 0.0029599 0.0027393 0.0025123 0.0022788 0.0020453 0.0018037 0.0015613 0.0013151 0.001065 0.00081441 0.00056307 0.00032294
76 0.0047653 0.0045947 0.0044133 0.0042213 0.0040214 0.0038167 0.0036074 0.0033959 0.0031631 0.0029302 0.0026897 0.0024417 0.0021936 0.0019355 0.0016763 0.0014126 0.0011442 0.00087451 0.00060311 0.0003437
77 0.0050346 0.004861 0.0046738 0.0044743 0.0042655 0.0040517 0.0038329 0.0036118 0.0033665 0.0031212 0.0028675 0.0026056 0.0023436 0.0020686 0.0017923 0.0015106 0.0012233 0.00093429 0.00064309 0.00036297
78 0.0053042 0.0051219 0.0049292 0.0047235 0.004508 0.0042865 0.0040588 0.0038285 0.0035712 0.0033139 0.0030474 0.0027716 0.0024958 0.0022035 0.0019096 0.0016093 0.0013026 0.00099418 0.00068334 0.00038201
79 0.0055786 0.005394 0.0051944 0.0049815 0.0047587 0.004529 0.0042923 0.0040528 0.003784 0.0035152 0.0032355 0.002945 0.0026545 0.0023439 0.0020314 0.0017122 0.0013863 0.0010575 0.00072489 0.00040117
80 0.005857 0.005668 0.0054634 0.0052446 0.0050152 0.0047774 0.0045312 0.004282 0.0040017 0.0037213 0.0034284 0.003123 0.0028175 0.0024892 0.0021587 0.0018201 0.0014736 0.0011234 0.00076851 0.00042225
81 0.0061313 0.0059366 0.0057286 0.0055058 0.0052719 0.0050271 0.0047712 0.0045121 0.0042202 0.0039282 0.0036221 0.0033018 0.0029815 0.0026358 0.0022876 0.0019293 0.0015609 0.0011889 0.00081214 0.00044411
82 0.0064043 0.0062016 0.0059885 0.0057611 0.0055229 0.0052726 0.0050103 0.0047443 0.0044406 0.004137 0.0038179 0.0034833 0.0031487 0.0027849 0.0024184 0.0020403 0.0016505 0.0012564 0.00085651 0.0004669
83 0.0067074 0.0065058 0.0062839 0.0060492 0.0058049 0.0055483 0.0052793 0.0050062 0.0046902 0.0043742 0.0040407 0.0036897 0.0033387 0.0029542 0.0025665 0.0021661 0.0017532 0.0013345 0.00090818 0.0004918
84 0.006999 0.0068003 0.0065751 0.0063361 0.0060867 0.0058237 0.0055469 0.0052656 0.0049384 0.0046111 0.0042644 0.0038984 0.0035324 0.0031273 0.0027183 0.0022955 0.001859 0.0014152 0.00096186 0.00051619
85 0.0072816 0.0070876 0.0068629 0.0066209 0.0063661 0.0060968 0.0058132 0.0055248 0.0051877 0.0048506 0.0044913 0.0041099 0.0037284 0.0033025 0.0028724 0.0024269 0.0019663 0.001497 0.001016 0.00054081
86 0.0075809 0.007391 0.0071651 0.0069193 0.0066586 0.0063829 0.0060923 0.0057967 0.0054494 0.0051021 0.0047292 0.0043307 0.0039322 0.0034853 0.0030338 0.002565 0.0020789 0.0015822 0.0010714 0.00056329
87 0.0078901 0.0077171 0.0074872 0.007238 0.0069742 0.0066921 0.0063915 0.0060858 0.0057269 0.0053679 0.0049806 0.0045647 0.0041489 0.0036809 0.0032078 0.0027142 0.0022 0.0016741 0.0011328 0.00059048
88 0.0081992 0.0080307 0.0077981 0.0075492 0.007288 0.0070017 0.0066903 0.0063739 0.0060053 0.0056367 0.0052358 0.0048024 0.004369 0.00388 0.0033857 0.0028663 0.0023218 0.0017665 0.0011968 0.00062328
89 0.0085247 0.0083385 0.008103 0.007853 0.0075921 0.0073028 0.0069852 0.0066624 0.0062852 0.0059081 0.0054941 0.0050433 0.0045925 0.0040821 0.0035659 0.0030209 0.0024471 0.0018626 0.0012638 0.00065853
90 0.0088368 0.008677 0.0084301 0.0081768 0.0079186 0.0076287 0.007307 0.0069796 0.0065925 0.0062054 0.0057774 0.0053085 0.0048396 0.0043033 0.0037605 0.0031874 0.0025839 0.0019691 0.0013393 0.00069792
91 0.0091716 0.0090149 0.0087559 0.0085032 0.0082553 0.0079666 0.0076371 0.0073016 0.0069035 0.0065053 0.0060633 0.0055776 0.0050918 0.0045302 0.0039613 0.0033602 0.0027268 0.0020801 0.0014154 0.00073442
92 0.0094909 0.0093438 0.0090948 0.0088437 0.0085909 0.0082973 0.0079629 0.0076219 0.0072125 0.0068032 0.006348 0.0058468 0.0053457 0.0047585 0.004163 0.0035347 0.0028735 0.0021938 0.0014895 0.00076553
93 0.0098123 0.0096751 0.0094426 0.0091925 0.008929 0.0086285 0.008291 0.0079462 0.0075261 0.0071061 0.0066378 0.0061213 0.0056049 0.0049928 0.0043714 0.0037148 0.003023 0.0023094 0.0015668 0.00079414
94 0.010162 0.010038 0.0097976 0.009549 0.009294 0.0089939 0.0086488 0.0082957 0.0078604 0.0074251 0.0069408 0.0064074 0.0058739 0.0052409 0.0045983 0.0039119 0.0031818 0.0024307 0.0016515 0.00082645
95 0.010494 0.010384 0.010138 0.0098956 0.0096545 0.009357 0.0090031 0.0086411 0.0081953 0.0077495 0.0072515 0.0067013 0.006151 0.0054953 0.0048293 0.0041122 0.0033439 0.0025552 0.0017395 0.00087403
96 0.010832 0.010714 0.010475 0.010239 0.010006 0.0097082 0.0093464 0.0089772 0.0085324 0.0080876 0.0075803 0.0070106 0.0064409 0.0057543 0.0050565 0.004307 0.0035057 0.002681 0.001825 0.00092399
97 0.011175 0.011066 0.010814 0.010582 0.010364 0.01007 0.0097022 0.0093272 0.0088815 0.0084358 0.007919 0.007331 0.0067431 0.0060252 0.0052947 0.0045144 0.0036842 0.0028244 0.0019251 0.00098066
98 0.011521 0.01141 0.011145 0.010918 0.01072 0.010436 0.010067 0.0096914 0.0092415 0.0087916 0.0082647 0.0076607 0.0070568 0.00631 0.0055494 0.0047386 0.0038776 0.0029807 0.0020362 0.0010442
99 0.011842 0.011739 0.01149 0.011272 0.011077 0.010797 0.010433 0.010061 0.0096052 0.0091492 0.0086118 0.0079929 0.007374 0.0065956 0.0058018 0.0049598 0.0040696 0.0031342 0.0021385 0.0010908
100 0.012197 0.012073 0.011844 0.011633 0.011435 0.011159 0.010804 0.010438 0.0099667 0.0094951 0.0089442 0.0083141 0.007684 0.0068768 0.0060526 0.0051821 0.0042654 0.0032916 0.002242 0.0011333
101 0.012489 0.012379 0.012127 0.011918 0.01174 0.011478 0.01113 0.01077 0.010288 0.0098049 0.0092441 0.008605 0.0079659 0.0071447 0.0063058 0.0054058 0.0044444 0.0034323 0.0023524 0.0011793
102 0.012744 0.012663 0.012396 0.012193 0.012038 0.011789 0.011446 0.011091 0.010609 0.010128 0.0095617 0.0089117 0.0082618 0.0074239 0.0065679 0.0056348 0.0046245 0.0035721 0.0024639 0.001238
103 0.013038 0.012928 0.012664 0.012465 0.012316 0.012075 0.011742 0.011397 0.010932 0.010468 0.009904 0.009241 0.008578 0.0077046 0.0068108 0.0058486 0.0048179 0.00373 0.0025658 0.0013074
104 0.013325 0.013204 0.01292 0.012721 0.012587 0.012362 0.012047 0.01172 0.011276 0.010832 0.010271 0.009591 0.0089112 0.0080039 0.0070745 0.0060846 0.005034 0.0039124 0.0026961 0.0013895
105 0.013652 0.013497 0.013175 0.012979 0.012876 0.012678 0.012386 0.012082 0.011644 0.011206 0.010642 0.0099518 0.009262 0.0083293 0.0073732 0.0063555 0.0052761 0.0041136 0.0028402 0.0014739
106 0.01402 0.013798 0.013464 0.013273 0.013192 0.01301 0.01273 0.012435 0.012 0.011564 0.010998 0.010302 0.0096061 0.0086426 0.0076531 0.0066109 0.0055158 0.0043132 0.0029673 0.0015404
107 0.014415 0.014124 0.013787 0.013591 0.013503 0.013326 0.013061 0.012781 0.012346 0.011912 0.011342 0.010638 0.0099346 0.0089441 0.007926 0.0068629 0.0057549 0.0045231 0.0031265 0.0016086
108 0.014829 0.014509 0.014146 0.013932 0.013829 0.013656 0.013411 0.013149 0.012717 0.012284 0.011714 0.011006 0.010298 0.0092941 0.0082614 0.0071678 0.0060131 0.0047422 0.0033163 0.0016942
109 0.015243 0.014896 0.01451 0.014277 0.014159 0.013989 0.013766 0.013527 0.013106 0.012686 0.01212 0.011409 0.010698 0.0096678 0.0086063 0.0074672 0.0062504 0.0049301 0.0034718 0.0017867
110 0.015697 0.015235 0.014844 0.014591 0.014444 0.014279 0.014097 0.013898 0.013509 0.013119 0.012566 0.011848 0.011131 0.01005 0.008933 0.0077543 0.0065133 0.0051522 0.0036312 0.0018945
111 0.016149 0.015587 0.015163 0.014886 0.014719 0.014575 0.014455 0.014312 0.013923 0.013534 0.012982 0.012268 0.011554 0.010427 0.009261 0.0080566 0.0068139 0.0054231 0.0038351 0.0020205
112 0.016636 0.015968 0.015508 0.015207 0.015025 0.014907 0.014855 0.014771 0.014353 0.013936 0.01338 0.012687 0.011993 0.01084 0.0096425 0.0084124 0.0071498 0.0057175 0.004059 0.0021525
113 0.017105 0.016356 0.015893 0.015592 0.015413 0.015296 0.015242 0.015155 0.014731 0.014306 0.01376 0.013093 0.012425 0.011245 0.010016 0.0087624 0.007486 0.0060126 0.004277 0.0022749
114 0.017637 0.01677 0.016282 0.01599 0.015844 0.015732 0.015653 0.015541 0.015094 0.014647 0.014105 0.01347 0.012834 0.011625 0.010361 0.009087 0.0078036 0.0063115 0.0045413 0.0024076
115 0.018222 0.017289 0.016769 0.016444 0.016265 0.016126 0.016028 0.0159 0.015453 0.015007 0.01448 0.013872 0.013264 0.012056 0.01079 0.0094907 0.0081589 0.0066334 0.00485 0.0025737
