# Electron Neutrino Energy (MeV) - nue-O16 Cross Section [10^(-38) cm^2] 
1 0
2 0
3 0
4 0
5 0
6 0
7 0
8 0
9 0
10 0
11 0
12 0
13 0
14 0
15 0
16 3.1895e-07
17 6.3946e-07
18 9.618e-07
19 2.7231e-06
20 4.4807e-06
21 6.2434e-06
22 1.1877e-05
23 1.751e-05
24 4.1496e-05
25 5.3897e-05
26 7.0011e-05
27 8.6116e-05
28 0.00010221
29 0.00014144
30 0.00018068
31 0.00021994
32 0.00027511
33 0.00035417
34 0.00043324
35 0.0005123
36 0.00063024
37 0.0007579
38 0.00088564
39 0.0010267
40 0.0012213
41 0.0014159
42 0.0016105
43 0.0018562
44 0.0021363
45 0.0024161
46 0.0026958
47 0.0031018
48 0.0035078
49 0.0039138
50 0.0043682
51 0.0048952
52 0.0054219
53 0.0059483
54 0.006628
55 0.0073459
56 0.0080636
57 0.0088264
58 0.0097706
59 0.010714
60 0.011657
61 0.012606
62 0.013558
63 0.01451
64 0.015461
65 0.016728
66 0.017994
67 0.019259
68 0.020622
69 0.022132
70 0.023641
71 0.025148
72 0.0268
73 0.028485
74 0.030168
75 0.031943
76 0.034083
77 0.03622
78 0.038356
79 0.040572
80 0.042843
81 0.045111
82 0.04738
83 0.049947
84 0.05251
85 0.055068
86 0.057749
87 0.060611
88 0.063473
89 0.066342
90 0.069442
91 0.072606
92 0.075763
93 0.078971
94 0.08239
95 0.085806
96 0.089223
97 0.092777
98 0.096421
99 0.10005
100 0.10369
101 0.10694
102 0.11018
103 0.11343
104 0.11684
105 0.12051
106 0.12418
107 0.12787
108 0.13193
109 0.13607
110 0.14023
111 0.14448
112 0.14904
113 0.15359
114 0.15817
115 0.16316
