1 0
2 0
3 0
4 0
5 0
6 0
7 0
8 0
9 0
10 0
11 0
12 0
13 0
14 0
15 0
16 3.2033e-07
17 6.4067e-07
18 9.61e-07
19 2.7181e-06
20 4.4753e-06
21 6.2324e-06
22 1.1848e-05
23 1.7464e-05
24 4.1381e-05
25 5.375e-05
26 6.98e-05
27 8.585e-05
28 0.0001019
29 0.00014101
30 0.00018012
31 0.00021923
32 0.00027422
33 0.00035303
34 0.00043183
35 0.00051064
36 0.0006282
37 0.00075545
38 0.0008827
39 0.0010233
40 0.0012173
41 0.0014114
42 0.0016054
43 0.0018505
44 0.0021297
45 0.0024088
46 0.002688
47 0.0030933
48 0.0034986
49 0.0039038
50 0.0043576
51 0.0048839
52 0.0054103
53 0.0059367
54 0.0066164
55 0.0073345
56 0.0080526
57 0.0088161
58 0.0097613
59 0.010707
60 0.011652
61 0.012603
62 0.013559
63 0.014514
64 0.01547
65 0.016742
66 0.018014
67 0.019287
68 0.020658
69 0.022177
70 0.023697
71 0.025216
72 0.02688
73 0.02858
74 0.03028
75 0.032072
76 0.034233
77 0.036394
78 0.038556
79 0.0408
80 0.0431
81 0.0454
82 0.0477
83 0.050306
84 0.052911
85 0.055517
86 0.058247
87 0.061163
88 0.06408
89 0.066997
90 0.070162
91 0.07339
92 0.076618
93 0.079899
94 0.083393
95 0.086888
96 0.090382
97 0.094017
98 0.097744
99 0.10147
100 0.1052
101 0.10853
102 0.11187
103 0.1152
104 0.1187
105 0.12245
106 0.1262
107 0.12995
108 0.13408
109 0.1383
110 0.14252
111 0.14682
112 0.15143
113 0.15604
114 0.16066
115 0.16565
116 0.1709
117 0.17615
118 0.1814
119 0.18712
120 0.19284
121 0.19857
122 0.20461
123 0.21114
124 0.21767
125 0.22419
126 0.22886
127 0.23305
128 0.23724
129 0.24149
130 0.24593
131 0.25038
132 0.25482
133 0.26003
134 0.26576
135 0.27148
136 0.2772
137 0.28212
138 0.28703
139 0.29195
140 0.29722
141 0.30303
142 0.30883
143 0.31464
144 0.32113
145 0.3278
146 0.33447
147 0.34069
148 0.34513
149 0.34958
150 0.35402
151 0.35843
152 0.36282
153 0.36721
154 0.3716
155 0.37604
156 0.38049
157 0.38493
158 0.38951
159 0.39429
160 0.39907
161 0.40384
162 0.40922
163 0.41475
164 0.42028
165 0.42564
166 0.43037
167 0.43509
168 0.43981
169 0.44537
170 0.45148
171 0.45759
172 0.4637
173 0.46884
174 0.47398
175 0.47912
176 0.48333
177 0.48617
178 0.489
179 0.49183
180 0.49611
181 0.50075
182 0.50539
183 0.50987
184 0.51373
185 0.51759
186 0.52146
187 0.52543
188 0.52949
189 0.53354
190 0.5376
191 0.54174
192 0.54588
193 0.55002
194 0.55415
195 0.55829
196 0.56243
197 0.56657
198 0.57071
199 0.57485
200 0.57898
