# nuXbar Energy (MeV) - Xscn At That Energy in units of 10^(-38) cm^2
1 1.3456e-07
2 2.7286e-07
3 4.0975e-07
4 5.4614e-07
5 6.823e-07
6 8.1831e-07
7 9.5424e-07
8 1.0901e-06
9 1.2259e-06
10 1.3617e-06
11 1.4974e-06
12 1.6331e-06
13 1.7688e-06
14 1.9044e-06
15 2.0401e-06
16 2.1757e-06
17 2.3113e-06
18 2.4468e-06
19 2.5824e-06
20 2.7179e-06
21 2.8534e-06
22 2.9888e-06
23 3.1243e-06
24 3.2597e-06
25 3.3951e-06
26 3.5305e-06
27 3.6659e-06
28 3.8012e-06
29 3.9365e-06
30 4.0718e-06
31 4.2071e-06
32 4.3424e-06
33 4.4776e-06
34 4.6128e-06
35 4.748e-06
36 4.8831e-06
37 5.0182e-06
38 5.1533e-06
39 5.2884e-06
40 5.4234e-06
41 5.5584e-06
42 5.6934e-06
43 5.8284e-06
44 5.9633e-06
45 6.0982e-06
46 6.233e-06
47 6.3679e-06
48 6.5027e-06
49 6.6375e-06
50 6.7722e-06
51 6.9069e-06
52 7.0416e-06
53 7.1762e-06
54 7.3108e-06
55 7.4454e-06
56 7.5799e-06
57 7.7144e-06
58 7.8489e-06
59 7.9833e-06
60 8.1177e-06
61 8.252e-06
62 8.3864e-06
63 8.5206e-06
64 8.6549e-06
65 8.7891e-06
66 8.9232e-06
67 9.0573e-06
68 9.1914e-06
69 9.3255e-06
70 9.4595e-06
71 9.5934e-06
72 9.7273e-06
73 9.8612e-06
74 9.9951e-06
75 1.0129e-05
76 1.0263e-05
77 1.0396e-05
78 1.053e-05
79 1.0664e-05
80 1.0797e-05
81 1.0931e-05
82 1.1064e-05
83 1.1198e-05
84 1.1331e-05
85 1.1464e-05
86 1.1598e-05
87 1.1731e-05
88 1.1864e-05
89 1.1997e-05
90 1.213e-05
91 1.2263e-05
92 1.2396e-05
93 1.2529e-05
94 1.2662e-05
95 1.2795e-05
96 1.2928e-05
97 1.3061e-05
98 1.3193e-05
99 1.3326e-05
100 1.3459e-05
101 1.3591e-05
102 1.3724e-05
103 1.3856e-05
104 1.3989e-05
105 1.4121e-05
106 1.4253e-05
107 1.4386e-05
108 1.4518e-05
109 1.465e-05
110 1.4782e-05
111 1.4914e-05
112 1.5046e-05
113 1.5178e-05
114 1.531e-05
115 1.5442e-05
116 1.5573e-05
117 1.5705e-05
118 1.5837e-05
119 1.5968e-05
120 1.61e-05
121 1.6231e-05
122 1.6363e-05
123 1.6494e-05
124 1.6626e-05
125 1.6757e-05
126 1.6888e-05
127 1.7019e-05
128 1.715e-05
129 1.7281e-05
130 1.7412e-05
131 1.7543e-05
132 1.7674e-05
133 1.7805e-05
134 1.7936e-05
135 1.8066e-05
136 1.8197e-05
137 1.8328e-05
138 1.8458e-05
139 1.8589e-05
140 1.8719e-05
141 1.8849e-05
142 1.898e-05
143 1.911e-05
144 1.924e-05
145 1.937e-05
146 1.95e-05
147 1.963e-05
148 1.976e-05
149 1.989e-05
150 2.002e-05
151 2.015e-05
152 2.0279e-05
153 2.0409e-05
154 2.0538e-05
155 2.0668e-05
156 2.0797e-05
157 2.0927e-05
158 2.1056e-05
159 2.1185e-05
160 2.1315e-05
161 2.1444e-05
162 2.1573e-05
163 2.1702e-05
164 2.1831e-05
165 2.196e-05
166 2.2088e-05
167 2.2217e-05
168 2.2346e-05
169 2.2475e-05
170 2.2603e-05
171 2.2732e-05
172 2.286e-05
173 2.2989e-05
174 2.3117e-05
175 2.3245e-05
176 2.3373e-05
177 2.3502e-05
178 2.363e-05
179 2.3758e-05
180 2.3886e-05
181 2.4013e-05
182 2.4141e-05
183 2.4269e-05
184 2.4397e-05
185 2.4524e-05
186 2.4652e-05
187 2.478e-05
188 2.4907e-05
189 2.5034e-05
190 2.5162e-05
191 2.5289e-05
192 2.5416e-05
193 2.5543e-05
194 2.567e-05
195 2.5797e-05
196 2.5924e-05
197 2.6051e-05
198 2.6178e-05
199 2.6305e-05
200 2.6431e-05
