# nuX Energy (MeV) - Xscn At That Energy in units of 10^(-38) cm^2
1 1.5011e-07
2 3.0978e-07
3 4.6856e-07
4 6.2698e-07
5 7.8522e-07
6 9.4336e-07
7 1.1014e-06
8 1.2594e-06
9 1.4174e-06
10 1.5753e-06
11 1.7332e-06
12 1.8911e-06
13 2.0489e-06
14 2.2067e-06
15 2.3645e-06
16 2.5222e-06
17 2.68e-06
18 2.8377e-06
19 2.9954e-06
20 3.153e-06
21 3.3106e-06
22 3.4683e-06
23 3.6258e-06
24 3.7834e-06
25 3.9409e-06
26 4.0984e-06
27 4.2559e-06
28 4.4133e-06
29 4.5708e-06
30 4.7282e-06
31 4.8855e-06
32 5.0428e-06
33 5.2001e-06
34 5.3574e-06
35 5.5146e-06
36 5.6718e-06
37 5.829e-06
38 5.9861e-06
39 6.1432e-06
40 6.3002e-06
41 6.4573e-06
42 6.6142e-06
43 6.7712e-06
44 6.9281e-06
45 7.0849e-06
46 7.2418e-06
47 7.3985e-06
48 7.5553e-06
49 7.712e-06
50 7.8686e-06
51 8.0252e-06
52 8.1818e-06
53 8.3383e-06
54 8.4948e-06
55 8.6512e-06
56 8.8076e-06
57 8.9639e-06
58 9.1202e-06
59 9.2764e-06
60 9.4326e-06
61 9.5887e-06
62 9.7448e-06
63 9.9008e-06
64 1.0057e-05
65 1.0213e-05
66 1.0369e-05
67 1.0524e-05
68 1.068e-05
69 1.0836e-05
70 1.0991e-05
71 1.1147e-05
72 1.1303e-05
73 1.1458e-05
74 1.1613e-05
75 1.1769e-05
76 1.1924e-05
77 1.2079e-05
78 1.2234e-05
79 1.239e-05
80 1.2545e-05
81 1.27e-05
82 1.2854e-05
83 1.3009e-05
84 1.3164e-05
85 1.3319e-05
86 1.3473e-05
87 1.3628e-05
88 1.3782e-05
89 1.3937e-05
90 1.4091e-05
91 1.4246e-05
92 1.44e-05
93 1.4554e-05
94 1.4708e-05
95 1.4862e-05
96 1.5016e-05
97 1.517e-05
98 1.5324e-05
99 1.5477e-05
100 1.5631e-05
101 1.5785e-05
102 1.5938e-05
103 1.6092e-05
104 1.6245e-05
105 1.6398e-05
106 1.6552e-05
107 1.6705e-05
108 1.6858e-05
109 1.7011e-05
110 1.7164e-05
111 1.7316e-05
112 1.7469e-05
113 1.7622e-05
114 1.7774e-05
115 1.7927e-05
116 1.8079e-05
117 1.8232e-05
118 1.8384e-05
119 1.8536e-05
120 1.8688e-05
121 1.884e-05
122 1.8992e-05
123 1.9144e-05
124 1.9296e-05
125 1.9447e-05
126 1.9599e-05
127 1.9751e-05
128 1.9902e-05
129 2.0053e-05
130 2.0205e-05
131 2.0356e-05
132 2.0507e-05
133 2.0658e-05
134 2.0809e-05
135 2.096e-05
136 2.111e-05
137 2.1261e-05
138 2.1412e-05
139 2.1562e-05
140 2.1713e-05
141 2.1863e-05
142 2.2013e-05
143 2.2163e-05
144 2.2313e-05
145 2.2463e-05
146 2.2613e-05
147 2.2763e-05
148 2.2912e-05
149 2.3062e-05
150 2.3211e-05
151 2.3361e-05
152 2.351e-05
153 2.3659e-05
154 2.3809e-05
155 2.3958e-05
156 2.4106e-05
157 2.4255e-05
158 2.4404e-05
159 2.4553e-05
160 2.4701e-05
161 2.485e-05
162 2.4998e-05
163 2.5146e-05
164 2.5295e-05
165 2.5443e-05
166 2.5591e-05
167 2.5739e-05
168 2.5886e-05
169 2.6034e-05
170 2.6182e-05
171 2.6329e-05
172 2.6477e-05
173 2.6624e-05
174 2.6771e-05
175 2.6918e-05
176 2.7065e-05
177 2.7212e-05
178 2.7359e-05
179 2.7506e-05
180 2.7653e-05
181 2.7799e-05
182 2.7945e-05
183 2.8092e-05
184 2.8238e-05
185 2.8384e-05
186 2.853e-05
187 2.8676e-05
188 2.8822e-05
189 2.8968e-05
190 2.9114e-05
191 2.9259e-05
192 2.9405e-05
193 2.955e-05
194 2.9695e-05
195 2.984e-05
196 2.9985e-05
197 3.013e-05
198 3.0275e-05
199 3.042e-05
200 3.0565e-05
