1 7.9848e-05
2 0.00031323
3 0.0006909
4 0.0012036
5 0.0018421
6 0.0025972
7 0.0034596
8 0.0044201
9 0.0054694
10 0.0065983
11 0.0077975
12 0.0090578
13 0.01037
14 0.011725
15 0.013113
16 0.014525
17 0.015952
18 0.017385
19 0.018814
20 0.020231
21 0.021625
22 0.022988
23 0.02431
24 0.025583
25 0.026796
26 0.027941
27 0.029009
28 0.029989
29 0.030874
30 0.031653
31 0.032318
32 0.032859
33 0.033268
34 0.033533
35 0.033648
36 0.033601
37 0.033385
38 0.032989
39 0.032405
40 0.031623
41 0.030634
42 0.029429
43 0.027999
44 0.026333
45 0.024424
46 0.022262
47 0.019837
48 0.017141
49 0.014163
50 0.010896
51 0.007329
52 0.0034534
53 0
54 0
55 0
56 0
57 0
58 0
59 0
60 0
61 0
62 0
63 0
64 0
65 0
66 0
67 0
68 0
69 0
70 0
71 0
72 0
73 0
74 0
75 0
76 0
77 0
78 0
79 0
80 0
81 0
82 0
83 0
84 0
85 0
86 0
87 0
88 0
89 0
90 0
91 0
92 0
93 0
94 0
95 0
96 0
97 0
98 0
99 0
100 0
101 0
102 0
103 0
104 0
105 0
106 0
107 0
108 0
109 0
110 0
111 0
112 0
113 0
114 0
115 0
116 0
117 0
118 0
119 0
120 0
121 0
122 0
123 0
124 0
125 0
126 0
127 0
128 0
129 0
130 0
131 0
132 0
133 0
134 0
135 0
136 0
137 0
138 0
139 0
140 0
141 0
142 0
143 0
144 0
145 0
146 0
147 0
148 0
149 0
150 0
151 0
152 0
153 0
154 0
155 0
156 0
157 0
158 0
159 0
160 0
161 0
162 0
163 0
164 0
165 0
166 0
167 0
168 0
169 0
170 0
171 0
172 0
173 0
174 0
175 0
176 0
177 0
178 0
179 0
180 0
181 0
182 0
183 0
184 0
185 0
186 0
187 0
188 0
189 0
190 0
191 0
192 0
193 0
194 0
195 0
196 0
197 0
198 0
199 0
200 0
